200327.355302   0.782221   0.025310
200327.355302   0.782221   0.025310
200265.900416   0.787601   0.028303
200799.366894   0.774601   0.022640
201065.790054   0.784566   0.024433
201233.828276   0.798376   0.029906
201139.914082   0.796058   0.027722
201716.063204   0.779644   0.025599
202086.543098   0.796546   0.024663
202105.263748   0.800696   0.015771
201997.852192   0.799953   0.022331
202731.077855   0.788309   0.035755
202657.359914   0.785555   0.013802
202824.828960   0.767777   0.048949
203061.923895   0.780082   0.015369
203417.752272   0.778526   0.020083
203601.238972   0.788183   0.019291
203627.495812   0.776304   0.038834
203837.742274   0.792865   0.016762
204298.560803   0.775033   0.024999
204597.607286   0.794939   0.015869
204756.590479   0.798634   0.037299
205089.300466   0.782999   0.004652
205343.892312   0.788758   0.018879
205485.170712   0.780105   0.001859
205201.841532   0.770265   0.022141
205784.068956   0.772637   0.040607
205621.098524   0.802519   0.029245
206358.827991   0.800140   0.022538
206413.659228   0.771331   0.023815
206974.354511   0.776039   0.035441
206898.390591   0.777303   0.019906
207268.268459   0.780355   0.026784
207071.308264   0.789557   0.026882
207429.919639   0.783041   0.032477
207906.490836   0.780798   0.023139
207733.011436   0.780331   0.019959
208357.165333   0.794341   0.026081
208748.620541   0.788163   0.027442
209071.850644   0.790409   0.014171
209171.908662   0.779747   0.028413
209395.758717   0.793828   0.015652
209437.212774   0.789110   0.014960
209450.298888   0.788460   0.003515
209817.209621   0.788021   0.019076
209997.300446   0.779732   0.041126
210209.385695   0.793989   0.020732
210613.652497   0.801843   0.030579
210681.661609   0.794879   0.036056
210990.176863   0.787486   0.013546
211743.098623   0.783192   0.015677
211629.948962   0.799691   0.022959
211363.713306   0.790380   0.021293
212256.751414   0.786843   0.021558
211659.663833   0.786112   0.031419
212344.426948   0.772826   0.022824
212410.741138   0.785820   0.020107
212285.197293   0.785982   0.022237
212788.281906   0.792099   0.020282
212912.568620   0.794333   0.019499
213602.299365   0.772337   0.022960
213529.357849   0.763695   0.024142
213704.376582   0.788712   0.029414
213991.084648   0.787064   0.029280
214582.837153   0.790521   0.035741
214521.232862   0.799107   0.024278
214730.635000   0.789144   0.026764
215099.935842   0.766557   0.020749
215105.964191   0.776941   0.010826
215431.038351   0.799744   0.023853
215910.769393   0.785629   0.042707
216095.107115   0.786757   0.027245
216024.238374   0.791439   0.032205
216393.792595   0.789598   0.029039
216460.936703   0.775344   0.033859
216595.099465   0.789877   0.038411
217166.674456   0.778681   0.019729
217393.340850   0.779606   0.011026
217166.166096   0.791575   0.015004
217606.816843   0.769122   0.020769
217676.277393   0.779443   0.030937
218226.535222   0.771836   0.031780
218185.029552   0.807291   0.026152
218418.637334   0.782641   0.028505
218494.776864   0.780121   0.026243
218808.707068   0.787847   0.017568
219260.277935   0.792216   0.015945
219444.813811   0.788976   0.034916
219448.731798   0.782331   0.031646
219895.052732   0.771808   0.012295
219797.754543   0.781170   0.025945
220402.024739   0.773556   0.014923
220726.775540   0.789528   0.043586
220393.190279   0.794954   0.021515
220957.792106   0.793404   0.027689
220819.402379   0.786641   0.037102
221219.745793   0.807471  -0.002053
221811.343603   0.797345   0.028561
221806.323279   0.783222   0.026723
221884.356542   0.801696   0.021449
222300.372840   0.790493   0.032468
222648.188821   0.812569   0.033975
222499.683806   0.784808   0.019785
223028.535423   0.782749   0.036322
223153.251799   0.788260   0.020897
223981.820684   0.784096   0.031415
223736.702720   0.775131   0.039600
223868.427234   0.796359   0.029687
224066.453451   0.779666   0.049214
224010.990545   0.788124   0.015455
224614.376685   0.785210   0.013063
224393.286651   0.795531  -0.002263
224682.719035   0.815043   0.031838
225354.245323   0.807248   0.022209
225684.670198   0.795698   0.020004
225443.014091   0.781368   0.018625
225908.421748   0.799874   0.007199
226289.169963   0.785328   0.025103
225855.503294   0.771872   0.029805
226397.925781   0.792532   0.028189
226952.165944   0.784471   0.033556
227005.365716   0.781040   0.031113
227087.973712   0.791082   0.018078
227432.985897   0.789516   0.023421
227465.364058   0.785261   0.045334
227579.509367   0.774792   0.012711
228428.225765   0.789536   0.019710
228277.085351   0.792065   0.003614
228338.247775   0.786572   0.020944
228421.318895   0.802496   0.018438
228771.262304   0.783212   0.010395
229156.556862   0.787951   0.031720
229521.320558   0.781838   0.018390
229491.510946   0.790995  -0.001740
229576.989765   0.783653   0.003840
230197.040933   0.785048   0.011548
230120.466600   0.782611   0.011937
230532.004181   0.785161   0.016649
230454.975110   0.786758   0.027760
230954.651399   0.785549   0.024437
231132.338642   0.766525   0.013826
231215.758663   0.808592   0.040251
231421.636626   0.791227   0.014099
231829.524130   0.789787   0.030380
232159.367574   0.799089   0.019029
232514.131352   0.781479   0.042984
232694.778441   0.794974   0.023041
232858.533116   0.777785   0.033396
232865.852061   0.784949   0.021831
233223.226823   0.800174   0.021648
233416.827448   0.799404   0.031107
234015.245530   0.797281   0.025322
234036.152348   0.796849   0.024438
234314.056622   0.774885   0.003910
234566.433952   0.793851   0.020237
234572.563259   0.789641   0.015323
234605.427422   0.776774   0.023583
234720.288579   0.786915   0.018465
235225.336161   0.805655   0.037918
235190.567964   0.787368   0.026551
235824.645174   0.783764   0.012820
235769.137287   0.791620   0.023482
235804.337287   0.791315   0.026123
236105.241077   0.801715   0.036962
236172.413905   0.787409   0.001991
236803.004824   0.776942   0.011127
236751.598753   0.812151   0.021568
236903.471196   0.764966   0.023273
237230.745879   0.790754   0.013809
237670.023023   0.786497   0.038151
237881.590450   0.782180   0.028414
238100.209949   0.788360   0.012008
238164.469526   0.770679   0.016100
238648.620747   0.790006   0.022791
239186.832871   0.788354   0.024441
238694.212975   0.777089   0.016002
239376.029470   0.793087   0.019768
239304.985940   0.772646   0.025671
239499.557368   0.781498   0.016339
240018.227824   0.777128   0.035253
240145.812366   0.789093  -0.007458
240054.559869   0.786645   0.010707
240292.593225   0.790562   0.025687
240786.319075   0.790024   0.025435
240841.595444   0.793840   0.018577
241131.613035   0.784485   0.024056
241808.447568   0.790605   0.039222
241725.884804   0.796296   0.016660
241952.022044   0.781879   0.017521
242375.403531   0.790027   0.015811
242216.016139   0.796790   0.018321
242529.754302   0.789627   0.031471
242685.889498   0.785145   0.042156
242784.458989   0.799065   0.014992
243371.273365   0.788395   0.040427
243412.842014   0.789670   0.034769
243645.117834   0.793459   0.024992
243955.099751   0.788268   0.018679
244097.222768   0.785086   0.020053
244206.205844   0.803400   0.021165
244362.611298   0.790662   0.030242
245022.244739   0.774814   0.031169
245228.678014   0.790753   0.030371
245225.714049   0.789507   0.010170
245626.106720   0.791965   0.009485
246109.121623   0.789160   0.016106
245655.499405   0.783956   0.000343
246152.100701   0.788710   0.020887
246392.094123   0.772389   0.026477
246572.347881   0.786885   0.004940
246699.780226   0.781868   0.003850
247117.431575   0.782256   0.022107
247307.436215   0.800521   0.027836
247378.034136   0.797821   0.014659
247838.717041   0.775907   0.018716
248062.943507   0.786628   0.011855
248237.308082   0.779779   0.026496
248617.142581   0.788631   0.002698
248349.406974   0.779366   0.003701
248657.048072   0.777156   0.025108
249017.402698   0.784946   0.015244
249209.089828   0.800608   0.037744
249348.666995   0.800541   0.003828
249595.746375   0.789920   0.024402
249964.786229   0.795800   0.021214
250231.995339   0.801007   0.030972
250300.157549   0.768205   0.006920
250383.617629   0.775134   0.030767
250801.390462   0.793499   0.019609
250751.374137   0.785501   0.010135
251157.203108   0.793947   0.015153
251629.112118   0.775624   0.016074
251817.764659   0.790695   0.011401
251983.329504   0.785426   0.021803
251826.813577   0.780574   0.030793
252072.320235   0.779458   0.020692
252876.499797   0.782566   0.041352
252967.127399   0.774344  -0.000090
252977.192510   0.780349   0.023982
253038.284391   0.783380   0.025508
253652.008438   0.776809   0.025149
253564.526219   0.793057   0.012062
253521.727935   0.800945   0.025188
254631.105991   0.784678   0.002925
254011.616559   0.781281   0.012587
254655.364480   0.782391   0.002033
254709.723879   0.773649  -0.002017
254714.528641   0.798955   0.002709
255002.055390   0.781928   0.017840
255405.605594   0.794585   0.027342
255701.470381   0.786085   0.024641
256005.798159   0.793807   0.016918
256339.120820   0.778936   0.017097
256605.748679   0.790462   0.035533
256445.117825   0.792089   0.017137
256768.092991   0.793289   0.001387
257207.045797   0.782650   0.018809
257168.649709   0.779794   0.009312
257344.992627   0.784060   0.026487
257430.002443   0.774046   0.027286
258211.716178   0.777174   0.017582
258433.775855   0.783905   0.013500
258380.829381   0.778454   0.020790
258715.913081   0.793071   0.014961
258880.071715   0.779496   0.017781
258811.007324   0.790631   0.021944
259098.665756   0.791931   0.031598
259362.664459   0.786096   0.032843
260163.045474   0.780970   0.025299
260036.387356   0.784685   0.029595
260134.119524   0.778463   0.036170
260339.407558   0.795525   0.002145
260537.658867   0.792225   0.017841
261033.149626   0.792714   0.028706
261138.190679   0.782261   0.032553
261192.738888   0.776402   0.010049
261502.276306   0.809721   0.002228
261824.009201   0.783911   0.015405
262263.941647   0.802703   0.030775
262430.217628   0.792480   0.016023
262098.843461   0.800919   0.014638
262258.815069   0.777456   0.024795
262472.418800   0.790697   0.027839
263126.707519   0.782591   0.017720
263335.071508   0.771750   0.015788
263297.700965   0.775297   0.007065
263577.631434   0.791574   0.015411
264019.336463   0.797457   0.009147
263921.417437   0.791026  -0.002485
264278.168945   0.786959   0.011228
264424.756809   0.785091   0.018383
264661.572485   0.787126   0.022762
264954.756547   0.781948   0.007299
265459.953133   0.775143   0.005004
265359.538821   0.769738   0.046174
265650.990565   0.791027   0.020384
265846.083240   0.784682   0.029600
266064.131545   0.780484   0.014104
266589.993349   0.793130   0.014306
266956.231902   0.795371  -0.001844
266901.261263   0.781983   0.023197
267004.937615   0.791939   0.015497
267185.795149   0.780205   0.016594
267744.448895   0.782936   0.012247
267749.538962   0.774219   0.024140
268202.221829   0.808083   0.013992
268219.075153   0.785296   0.003541
268089.726376   0.782718   0.011032
268391.797648   0.783255   0.010321
269216.881767   0.798336   0.026320
268905.415670   0.800134   0.026215
269382.805956   0.788266   0.026309
269910.846350   0.785976   0.002718
269788.337794   0.771175   0.025477
270346.929681   0.783577   0.031297
270317.952665   0.810609   0.039469
270479.317840   0.800691   0.024931
270632.786317   0.777016   0.018820
271075.525164   0.761454   0.033852
271278.444712   0.797601   0.018220
271338.674714   0.775051   0.040801
271412.004958   0.791273   0.010059
271404.904957   0.795677   0.008457
272043.139945   0.801562   0.014953
271920.490342   0.796007   0.003504
272390.932346   0.771316  -0.007439
272758.762263   0.773318   0.025959
272975.263790   0.788914   0.010830
273021.357961   0.789487   0.017382
273101.250333   0.792933   0.024436
273826.380243   0.775324   0.012159
273372.966225   0.777462   0.010805
273827.066143   0.785734   0.021876
274019.173018   0.796362   0.015644
274861.280661   0.766605   0.032227
274687.595019   0.780907   0.022294
275118.782908   0.772249   0.002586
275174.467676   0.774573   0.017259
275340.251485   0.778603   0.006099
275908.350669   0.791409   0.005727
275865.286544   0.784353   0.020768
275718.583255   0.787539   0.005312
276416.283393   0.800522   0.024257
276462.514520   0.770964   0.020001
276828.516504   0.808642   0.021281
276661.228160   0.790921   0.019228
276921.425258   0.792252   0.032036
277138.089664   0.797717   0.011345
277556.880862   0.780755   0.013985
277952.638085   0.797523   0.014986
278056.040726   0.773947   0.025625
278451.170624   0.787813   0.014645
278523.247148   0.774461   0.012632
278528.816254   0.781220  -0.002780
278953.358683   0.787329   0.024151
279059.734548   0.795007   0.035256
279238.635387   0.792653   0.013337
279682.572038   0.794028   0.031120
279753.743237   0.787522   0.030695
279734.072959   0.768015   0.005595
280145.390517   0.789881   0.018802
280626.977851   0.780059   0.019399
280918.315236   0.772508   0.038608
281085.201129   0.777393   0.034353
281123.192197   0.778967   0.033749
281253.008283   0.796387   0.021676
281660.211504   0.766267   0.002605
281952.048599   0.795282   0.010856
281960.882877   0.798853   0.005267
281940.212749   0.797672   0.008086
282351.363587   0.784580   0.004002
282400.263669   0.798800   0.031309
282909.767135   0.786527   0.017661
283528.730045   0.789367   0.019482
283206.618901   0.801971   0.012013
283604.161339   0.799099  -0.001276
283445.484637   0.779905   0.006439
284092.632233   0.795693   0.007550
284656.310517   0.784412   0.011319
284350.321467   0.781781   0.014669
284706.825732   0.804420   0.019539
284755.063028   0.770727   0.007961
285076.121663   0.765046   0.006540
285402.632920   0.790941   0.028103
285431.288163   0.793102   0.017977
285678.399607   0.800437   0.016551
286077.507226   0.797463   0.010441
286654.048998   0.794917   0.007207
286676.636389   0.785873   0.004262
286697.426384   0.782316   0.019616
286988.874236   0.783953   0.026241
287315.473862   0.791997   0.013841
287230.074372   0.780901   0.040807
288019.585285   0.786379   0.012122
287838.963710   0.793552   0.013851
288155.761868   0.786860   0.025177
288406.107673   0.799776   0.018922
288399.004910   0.779482   0.010186
288912.218507   0.787491   0.004692
289086.479308   0.776451   0.013362
289100.960014   0.776846   0.006555
289165.772058   0.784223   0.012510
289566.570080   0.787701   0.012076
289461.760970   0.792256   0.018511
290328.428317   0.802348   0.025638
290095.373491   0.795636   0.013833
290433.982019   0.789139   0.011844
291026.308866   0.788547   0.019211
291373.501776   0.778918   0.019851
291109.401542   0.784938   0.019300
291525.003913   0.785215   0.019800
291755.273378   0.783350   0.007928
291979.610444   0.785784   0.019385
291879.979528   0.794177   0.014793
292399.526016   0.772294   0.019361
292557.832002   0.787404   0.016360
292385.015438   0.782686   0.025501
292987.349871   0.785922   0.014477
293141.700015   0.814025   0.004141
293622.697813   0.793167   0.020390
293665.443691   0.796875   0.018231
293851.317649   0.773194   0.009553
293824.444060   0.791676   0.020707
294667.055760   0.792963   0.018788
294569.496668   0.782034   0.020217
294646.996459   0.776428   0.018682
295091.770437   0.784960   0.015569
295122.773993   0.776198   0.020265
295247.012407   0.787834   0.021826
295438.676078   0.801335   0.008723
296018.537659   0.784771   0.011337
296086.615053   0.784171   0.001093
296298.299194   0.782767  -0.000753
296806.531830   0.768584   0.015077
296590.581710   0.794107   0.020486
296852.593613   0.799469   0.020893
297195.355615   0.786352   0.015135
297580.032756   0.783351   0.006301
297781.175439   0.792625   0.016816
297825.899599   0.787479   0.028682
298004.064095   0.799698   0.027582
298227.175765   0.797966   0.001531
298523.771408   0.768026   0.026925
298650.187081   0.802795   0.006178
299068.780640   0.797780   0.036227
299298.327626   0.800480   0.021776
299368.198969   0.783557   0.006060
299154.093632   0.767798   0.010358
299894.610614   0.787954   0.012999
300286.728647   0.779229   0.014068
300306.454394   0.794439   0.021103
300339.088328   0.793843   0.013811
300839.445929   0.801280   0.014880
301029.332557   0.782174   0.029267
301438.206366   0.790755   0.015294
301286.173204   0.801380   0.017688
301755.110711   0.786197   0.025759
301704.815604   0.785330   0.019768
302254.155554   0.782457   0.012791
302037.411180   0.776090   0.004517
302600.801905   0.802487   0.014025
302816.395592   0.784098   0.009067
302974.746369   0.768228   0.002866
303236.941268   0.789832   0.011823
303453.064667   0.794613   0.015571
303691.257531   0.782173   0.024591
303670.071359   0.798863   0.020045
304250.832819   0.779095   0.033428
304203.152420   0.779382   0.009262
304238.156590   0.782991   0.015855
304388.350900   0.775936   0.011688
304955.237420   0.793816   0.023421
305236.694313   0.777740   0.015116
305318.636786   0.794462   0.023726
305672.088602   0.771895   0.013347
305348.929608   0.792700   0.005097
305812.134033   0.787801   0.024271
305964.251189   0.792768   0.010451
306710.027054   0.789111   0.010399
306335.987326   0.798052   0.026517
307017.019964   0.768783   0.000989
307320.985892   0.800929   0.030115
307446.878812   0.782611   0.019457
307609.057927   0.782007   0.033086
307789.338796   0.804528   0.005025
307900.844601   0.803149   0.013395
308340.803258   0.800710   0.013033
308244.135146   0.806005   0.024522
308473.768186   0.792495   0.019189
309093.170838   0.768274   0.010334
309279.179168   0.776178   0.023634
309535.920937   0.793586   0.007599
309491.447659   0.808272   0.004512
310092.004388   0.784634   0.002007
310129.849612   0.789844   0.007400
310392.967984   0.795274   0.029888
310321.105864   0.783944   0.029956
310889.586850   0.795933   0.023447
311181.062922   0.802104   0.016357
311544.255513   0.786788   0.023953
311631.557420   0.802172   0.018266
311761.561529   0.806954   0.019850
311652.659971   0.787065   0.004532
311852.029983   0.782314   0.023501
312247.523142   0.808171   0.005422
312342.124971   0.792895   0.001245
312643.942700   0.788270   0.018192
312993.132490   0.794422   0.026202
313095.485930   0.798803   0.010583
313332.218558   0.782559   0.014826
313535.145136   0.789555   0.029967
313902.311593   0.789995   0.016699
314190.576266   0.800465   0.027391
314278.878528   0.787459   0.021191
314380.884133   0.791957   0.005673
314931.052104   0.781293   0.024375
314738.945497   0.791946   0.005680
314681.673076   0.790955   0.016880
315437.458301   0.794775   0.013678
315449.328429   0.785043   0.021539
315564.204719   0.775909  -0.005259
315987.646735   0.788805   0.002923
316327.869427   0.786496   0.012367
316811.722386   0.786883   0.017861
316557.296986   0.787226   0.012883
316869.527984   0.762497   0.004581
317075.284924   0.803313  -0.000120
317407.988882   0.776173   0.019705
317563.664114   0.783650   0.012809
317760.831481   0.795067   0.003173
318262.279001   0.785226   0.008794
318417.706776   0.774057   0.003837
318409.080263   0.798282   0.011402
318809.317561   0.797284   0.014580
318910.366603   0.777005   0.003266
319172.627555   0.786220   0.021643
319437.801397   0.775034   0.015028
319771.526818   0.797418   0.011635
319593.880930   0.788970   0.019816
320137.331288   0.793104   0.012270
320416.150047   0.813862   0.042284
320263.814342   0.799437   0.024172
320670.887860   0.804511   0.028141
321139.209285   0.780751   0.030338
320970.220249   0.791992   0.008320
321415.699293   0.767435   0.010148
321553.608661   0.782861   0.007876
322011.453790   0.798810   0.009274
321814.581449   0.791311   0.014511
322194.077802   0.798203   0.028063
322808.587503   0.797203   0.026788
322612.403111   0.783047   0.025210
322951.233792   0.798826   0.004358
323202.754261   0.815602   0.021605
323684.088776   0.782100   0.017139
323681.759589   0.783570   0.023059
323891.865672   0.790854   0.012211
323713.714569   0.764120  -0.003961
324181.076492   0.772751   0.019734
324219.106303   0.788812   0.009682
324664.183883   0.784262   0.011655
325058.981768   0.787586   0.012333
325140.935201   0.803567   0.014747
325665.280272   0.793368   0.022579
325550.067861   0.790976   0.009165
326380.189713   0.789950  -0.000581
326076.230185   0.802463   0.004814
326408.923439   0.790515   0.017270
326373.923726   0.799527   0.021322
326852.700701   0.801281   0.009221
326702.879784   0.787684  -0.001663
327508.821088   0.780731   0.029668
327226.546832   0.802260   0.023974
327731.765314   0.794289   0.007456
327813.887803   0.797927   0.006752
328086.450975   0.804245   0.004638
328696.876617   0.797321   0.021873
328560.303847   0.771633   0.003987
328613.199026   0.788919   0.018285
329014.027840   0.790156   0.029391
329135.007224   0.765492   0.006016
329553.024678   0.794093   0.005666
330064.936895   0.794518   0.008775
330253.073626   0.783635   0.012520
330371.361679   0.783859  -0.011474
330216.379154   0.791799   0.039156
330460.288574   0.792424   0.021885
330756.672534   0.799597   0.023293
331373.898900   0.802399   0.029337
331330.640627   0.790611   0.022490
331462.201022   0.781198   0.020589
331295.146273   0.782407   0.029997
332165.415729   0.783383   0.011978
332286.467996   0.794949   0.011652
332412.432858   0.789812   0.029194
332569.843927   0.790289   0.024119
333060.258383   0.800563   0.002181
332912.247317   0.768260   0.006869
333579.575197   0.801537   0.017811
333749.367228   0.799601   0.015310
333538.161820   0.790538   0.015908
333898.780675   0.787755   0.009182
333984.997199   0.786025   0.006793
334381.797338   0.771654   0.004300
334315.941647   0.790363   0.026948
335104.161063   0.791317   0.012376
334970.037523   0.817466   0.018160
335492.718954   0.777833   0.022813
335278.618538   0.799440   0.018434
335550.087820   0.786555   0.018531
335964.294380   0.832956   0.004208
336085.870728   0.776523  -0.002807
336487.231184   0.781598   0.010285
336773.086011   0.789095   0.002349
336833.252471   0.775870   0.004906
337492.663916   0.801303  -0.008902
337358.746224   0.785228   0.028516
337755.947266   0.787513   0.010312
337850.546043   0.800730   0.017462
337928.752206   0.792796   0.001892
338353.644764   0.795010   0.009759
338563.339736   0.794644   0.009729
338866.011952   0.803092   0.022889
339112.275073   0.785960   0.022085
338939.094634   0.796616   0.023898
339187.030864   0.784051   0.036699
339555.596831   0.794784   0.020366
340152.723698   0.797074   0.029098
339821.682347   0.786128   0.020210
340374.217218   0.797563   0.016472
340835.894234   0.796951   0.010901
340806.069930   0.821379  -0.002238
340858.826225   0.787658   0.018287
341131.168600   0.801169   0.015754
341371.666578   0.775078   0.001353
341579.289119   0.793267  -0.007534
341982.475660   0.785612   0.013605
342297.403338   0.806079   0.019570
342205.241292   0.788135   0.019892
342596.519756   0.793395   0.004910
342705.916364   0.783201   0.007613
342909.963071   0.812266   0.003868
343017.531831   0.772146   0.014876
343173.888639   0.784241   0.015380
343837.357520   0.769309   0.008361
343864.544484   0.778923   0.025583
343871.090955   0.778875   0.014105
344384.915587   0.790628   0.020776
344387.896681   0.803412   0.004189
344662.865278   0.791200   0.012306
344674.675670   0.802080  -0.005653
344954.001994   0.801056   0.013582
345781.276840   0.776890   0.006463
345532.756446   0.800710   0.029529
345593.176781   0.785781   0.021077
345980.596522   0.783480   0.006413
346288.162102   0.798102   0.012269
346310.759616   0.791880   0.022274
346590.971618   0.803155   0.027807
347013.576606   0.807255   0.021356
347043.874320   0.791989   0.006030
347159.957917   0.783634   0.013617
347648.772198   0.791658  -0.000621
347927.045161   0.795606   0.015494
347932.967575   0.791918   0.038338
348225.102313   0.777110   0.016674
348504.352442   0.786063   0.001196
348568.447809   0.778202   0.037229
348626.556081   0.783737   0.007048
348939.634411   0.795359   0.009500
349624.021265   0.771783   0.028454
349375.559753   0.794219   0.006942
349968.844674   0.808506   0.020766
350007.828178   0.798664   0.016045
350037.966951   0.791176   0.018691
350418.027097   0.798068   0.025494
350816.967449   0.802043  -0.010087
350848.080904   0.796140   0.004298
351116.664754   0.798411   0.034949
351199.151938   0.791179   0.009760
351872.960884   0.770684   0.023957
351784.964116   0.780302   0.009550
352188.488431   0.793863  -0.004184
352058.791202   0.808713  -0.002854
352883.179884   0.797261   0.009200
352328.082095   0.786639   0.013701
352750.314222   0.807814   0.001003
353164.541775   0.794935   0.024624
353415.160127   0.789714   0.031250
353554.858726   0.785365  -0.010135
353775.016797   0.790160   0.005150
354461.354878   0.790774   0.032908
354341.347371   0.779708   0.002554
354820.417510   0.788937   0.005766
354829.629819   0.798974  -0.000173
354960.711249   0.784648   0.026151
355317.050091   0.787552  -0.001422
355311.279594   0.776650   0.009559
355143.745172   0.793276   0.022044
355490.058371   0.784255   0.006603
355900.112929   0.790816   0.005324
356290.601202   0.787142   0.007478
356644.939008   0.791148   0.023547
357026.688996   0.769089   0.016692
357069.670228   0.792968   0.002986
357115.456445   0.798608   0.019416
357472.108489   0.786977   0.010371
357730.328377   0.789422   0.018202
357745.490925   0.781603   0.023506
358176.260220   0.779661   0.031501
358474.063975   0.788476   0.011839
358837.084617   0.801079   0.004166
358767.618753   0.795240   0.009075
358857.898732   0.788687   0.026399
359000.995704   0.777028   0.028287
359134.800106   0.795381  -0.002422
359582.744958   0.786457   0.016809
359827.557805   0.815591  -0.001246
360049.911547   0.795233  -0.001035
360644.312896   0.800946   0.013482
360744.619121   0.793715   0.004825
360448.406975   0.794207   0.029238
361067.311839   0.799745   0.018070
361329.880357   0.794675   0.010713
361535.805747   0.780786   0.005535
361569.181821   0.809680   0.012300
362112.387563   0.792789   0.016346
361991.002700   0.787903   0.008190
362145.844989   0.777574   0.001684
362550.642346   0.793550   0.001743
362726.965437   0.785163   0.028810
362659.327673   0.788901   0.023340
363619.292156   0.803665   0.019074
363160.839264   0.792496   0.005846
363519.663743   0.790910   0.012437
364005.902284   0.798066   0.013558
364109.259825   0.789382   0.017804
364488.270789   0.781015   0.004898
364707.835997   0.791712   0.005828
364959.702052   0.795504   0.015716
365228.166223   0.810129   0.011833
365064.755556   0.790844  -0.009219
365187.654484   0.800605   0.021808
365464.639125   0.795642   0.022004
366051.829403   0.796376   0.004611
366159.674870   0.797191   0.005097
366344.945914   0.789158   0.005088
366368.052505   0.784443   0.016450
366868.045295   0.783891   0.004449
367275.367144   0.793140   0.010661
366793.675977   0.795359   0.008217
367343.288196   0.789547   0.017262
367609.340011   0.792858   0.009116
367631.459272   0.777960   0.011993
368327.416376   0.794244   0.017456
368497.684266   0.774977   0.020339
368348.373330   0.793753   0.017048
369280.383518   0.800195   0.015145
369080.905647   0.787566   0.015225
368887.059508   0.798708  -0.005812
369352.756927   0.805795   0.020242
369517.240538   0.787794   0.025309
370014.150012   0.783891   0.006233
370298.481816   0.788115   0.013622
370436.696797   0.777362   0.024065
370273.359098   0.803378   0.021857
370884.469069   0.785418  -0.000088
371314.722042   0.810465  -0.008487
371556.209387   0.787313   0.026123
371593.048566   0.806218   0.005421
371801.283605   0.803231   0.007260
372106.202755   0.796507   0.003110
372655.402491   0.800815   0.011945
372647.506389   0.791597   0.019292
372504.222116   0.780752   0.017536
372934.892051   0.789436   0.016721
372856.889022   0.798869   0.018277
373084.570085   0.792189   0.006946
373696.396593   0.785078   0.014299
374203.782302   0.792228   0.016196
373867.569892   0.789793   0.011730
374400.025043   0.792000   0.011530
374430.006985   0.784764   0.002049
374439.452486   0.800061   0.018108
374912.724541   0.800790   0.004542
374951.864507   0.801977   0.015540
375402.568241   0.774341   0.017614
375778.689652   0.791597  -0.003688
375611.153857   0.796005   0.006854
375910.033559   0.808574   0.030430
376206.655381   0.806729   0.000443
376552.727306   0.792752  -0.005127
376592.772227   0.791361   0.029912
376552.548709   0.804867   0.029097
376793.787875   0.785774   0.017484
377332.336793   0.792321   0.017594
377448.863488   0.793971   0.029015
377835.693547   0.787690  -0.001141
378250.923874   0.794137   0.004411
378045.021897   0.796819   0.011196
378361.020848   0.813323   0.008880
378727.806016   0.798593   0.001838
378670.968854   0.809608   0.020118
379438.404843   0.789878   0.014551
379395.502832   0.803662   0.013753
379861.288680   0.784711   0.016692
379871.728828   0.803378   0.005470
380013.484528   0.808660   0.019219
380453.476675   0.787344   0.007587
380352.192096   0.793241   0.009780
380766.597203   0.780436   0.001493
381012.207719   0.801187   0.026231
381019.047083   0.798383   0.015365
381123.367525   0.783822   0.035539
381664.433569   0.790284   0.004092
381887.831896   0.798291   0.016443
382154.128409   0.800246   0.017480
382484.976432   0.795748   0.024380
382727.887381   0.798976   0.010764
382559.304089   0.792617   0.006897
382609.506246   0.787050  -0.008519
383274.020376   0.797119   0.010194
383395.136187   0.799500   0.010119
383726.181444   0.788857   0.014026
384417.212115   0.793745   0.018028
384232.749533   0.793593  -0.007784
384318.652412   0.815332   0.002464
385024.581537   0.785784   0.001261
384918.672293   0.800524   0.024425
384967.474078   0.800775   0.011441
385133.340123   0.807027   0.004949
385122.536617   0.795646   0.007814
385533.113627   0.798093   0.008613
385938.311218   0.805402   0.009912
386259.605919   0.790456   0.006937
386325.977059   0.803588   0.023180
387019.740978   0.791898   0.014813
387123.267079   0.795679   0.017412
387123.086481   0.804748   0.006047
387238.470605   0.786917  -0.001592
387521.508351   0.794628   0.012470
388073.704494   0.796982   0.024931
387742.814143   0.806636   0.014169
388503.424315   0.801034   0.012103
388328.521843   0.795130   0.015472
388638.124408   0.782157   0.001584
388624.847208   0.798162  -0.010858
389112.579750   0.808763   0.001318
389256.011590   0.795324   0.023845
389841.089474   0.794173   0.011088
389420.379868   0.783454   0.026437
389993.535535   0.793169  -0.007261
390339.981017   0.788956   0.004526
390103.290941   0.798584   0.007315
390787.632998   0.794999   0.023516
390743.401784   0.801719   0.001539
390871.856470   0.804104   0.016110
391392.525814   0.813427   0.032293
391767.695269   0.782167   0.013969
391627.655177   0.800418   0.010248
392000.509376   0.779249   0.013727
392476.998325   0.788341   0.017004
392637.799214   0.787926   0.027206
392647.286204   0.788487   0.026852
393213.427441   0.802951   0.011326
393320.826900   0.785723   0.010792
393146.154559   0.790143   0.023378
393860.436195   0.774642   0.016594
393722.287874   0.791501   0.006783
394007.491966   0.781204   0.013994
394344.182126   0.790893   0.015230
394830.090760   0.797557   0.015618
395038.378213   0.788157   0.006541
394922.552069   0.793855   0.008782
395105.947236   0.798600   0.015658
395484.488702   0.788290   0.018021
395398.529112   0.807090   0.004922
395954.812891   0.801154  -0.002701
396218.319852   0.792880   0.007943
396173.058064   0.807252   0.013749
396451.275753   0.806904   0.005655
396933.674322   0.796143   0.030565
397178.731525   0.781505  -0.003567
397130.996761   0.806817   0.020718
397351.885928   0.803577   0.014813
397836.223745   0.817682   0.020142
398481.870135   0.801679   0.023105
398403.544885   0.784322  -0.010363
398301.233885   0.813761   0.019763
398715.945285   0.797222   0.003800
398839.209584   0.781891   0.014477
399075.642569   0.793886   0.010623
399091.977631   0.790985   0.001425
399403.680418   0.802992   0.011170
399711.354611   0.781360   0.026033
399918.784879   0.809060   0.007578
400016.916143   0.790533   0.014421
400396.682452   0.807051   0.017502
400493.546440   0.802652   0.013209
400722.453612   0.799659  -0.000616
400829.361590   0.792386   0.014407
401083.327452   0.811537   0.014275
401734.694182   0.781524   0.017801
401997.186259   0.790822   0.004214
401718.918622   0.802979   0.027401
401994.575544   0.782732   0.008056
402285.097772   0.797308   0.030177
402557.024495   0.783252   0.002049
402811.249972   0.793354   0.033979
402805.371753   0.805174   0.026228
403183.558578   0.807941   0.015261
403225.707818   0.798250   0.024274
403597.653384   0.791140   0.003068
404298.605202   0.809542   0.003955
404143.683749   0.799801   0.004050
404531.968440   0.793103   0.013147
404459.121365   0.784142   0.008258
404869.138009   0.796555   0.011999
405150.578274   0.787279   0.006877
405550.430192   0.787689   0.009538
405619.463609   0.777697   0.010475
405867.915878   0.785395   0.021170
405690.951595   0.791648   0.007556
406077.199375   0.809593   0.012930
406648.129741   0.782947  -0.000693
406531.361556   0.790130   0.012408
406906.243566   0.800161   0.020531
407256.486616   0.793829   0.030384
407321.596899   0.791311   0.006441
407725.590360   0.810847   0.006492
407880.239339   0.791909   0.011152
407903.458079   0.789890   0.037337
408313.601893   0.787279   0.027007
408740.801110   0.802583   0.028581
408884.759325   0.795661   0.021728
409130.146207   0.789075   0.028182
409096.140956   0.802298  -0.002140
409406.701377   0.789632   0.023508
409764.986150   0.799841   0.020819
410033.747213   0.785209   0.015152
410267.234062   0.798988   0.008670
410012.006403   0.803778   0.007087
410491.148090   0.797390   0.012634
410731.543008   0.801926   0.013951
410677.191753   0.786282   0.011732
410975.784045   0.785185   0.021438
411322.054993   0.787649  -0.002331
411558.877030   0.787918   0.004008
411777.988342   0.794003   0.001879
412271.631867   0.811887   0.011976
412656.105507   0.785146  -0.014137
412974.901851   0.786442   0.025045
412768.966688   0.796756   0.007081
413003.819620   0.782424   0.002528
413487.675501   0.779358   0.004221
413584.764007   0.801706   0.016837
413862.818446   0.793777   0.000825
413999.314663   0.797470   0.008472
414150.781046   0.793101   0.029767
414349.755807   0.784030   0.018797
414851.164784   0.800628   0.013368
415025.822388   0.794010   0.004578
414827.917573   0.796992   0.009936
414920.503524   0.786437  -0.001371
415540.677666   0.786922  -0.001727
415803.245344   0.791296  -0.003144
415901.569455   0.791302   0.035012
416682.934627   0.770387   0.005763
416068.628761   0.796426  -0.003266
416563.859529   0.789908   0.009993
417125.900158   0.787385  -0.017819
417027.768144   0.793244   0.019395
417174.569780   0.794130   0.021635
417775.954718   0.804378   0.011039
417935.784395   0.790484   0.011310
418302.780970   0.785635   0.014782
417890.113267   0.797457   0.025764
418517.955393   0.798790   0.019811
418961.672693   0.777984   0.002164
418916.135327   0.795440   0.018430
419394.742948   0.787276   0.018225
419153.128281   0.790907   0.008191
419680.173000   0.795639   0.011412
419737.081484   0.786817   0.007080
420292.533343   0.801595   0.009425
420492.327240   0.800866   0.009072
420553.847984   0.808435   0.016642
421043.049793   0.801175   0.023914
420976.838498   0.793938   0.025934
421140.702178   0.793493   0.001699
421421.086165   0.794270   0.010865
421873.512146   0.805030   0.006245
421684.602625   0.786236   0.005301
422194.903503   0.793886   0.013572
422546.154504   0.793372   0.008529
422749.149621   0.797253   0.012434
422380.292237   0.797767   0.020363
423347.121731   0.799229   0.025839
423629.086634   0.799828   0.015553
423389.194808   0.790119   0.015175
423577.256318   0.795121   0.005699
423920.864188   0.799569   0.000687
423883.146172   0.791535   0.038037
424459.517292   0.794733   0.027158
424487.513790   0.792061   0.009598
424882.067497   0.789069  -0.017299
424880.162505   0.763341   0.022636
425533.500033   0.814257   0.028380
425226.697768   0.794593   0.009552
425772.116884   0.785186   0.017483
425856.153435   0.789114   0.001083
426096.890437   0.795165   0.032172
426255.523737   0.786616   0.009528
426638.597761   0.789437   0.019482
426814.054796   0.795339   0.015981
426987.171550   0.799557   0.021755
427292.014480   0.802143   0.012813
427434.673804   0.794632   0.011316
427930.912721   0.798580   0.019588
427821.044545   0.785278   0.011449
427732.176991   0.797417   0.010850
428293.894406   0.792277   0.005619
428537.445859   0.800118   0.024470
428757.716382   0.792615   0.031828
429142.537743   0.788113   0.001183
429183.001574   0.784737   0.025317
429617.799560   0.811350   0.001443
429385.972365   0.790884   0.011485
430055.034997   0.797816   0.002902
430125.571297   0.792276   0.023169
430462.178575   0.792344   0.022057
430783.354915   0.795794   0.011324
430921.428946   0.788696  -0.000643
430738.297756   0.800015   0.018904
431039.722992   0.789492   0.010766
431543.439566   0.792816   0.004503
431021.178993   0.788577   0.014614
431777.081579   0.790708   0.022497
431920.352170   0.797620  -0.000814
432228.599096   0.804974   0.010155
432608.450752   0.791989   0.024307
432632.265221   0.796700   0.013445
433167.825510   0.780600   0.010181
433344.252164   0.778020   0.031946
433197.419279   0.799539   0.001718
433683.910423   0.803204   0.008303
433969.887400   0.785957  -0.001742
434115.926269   0.786692   0.006725
433824.007965   0.818011  -0.001257
434589.745152   0.774025  -0.011035
434639.167375   0.784988   0.006770
434943.324158   0.806765   0.018527
435258.338073   0.796625   0.020983
435521.498822   0.798129   0.025326
435999.957913   0.818143   0.018698
436388.315879   0.802637   0.014392
436380.562639   0.798186   0.008956
436113.792042   0.796282   0.008890
436716.257117   0.806120  -0.000367
436633.533631   0.807284   0.012303
437088.306342   0.797903   0.002354
437049.912751   0.798371   0.002223
437824.912375   0.790041   0.022906
437769.393604   0.795643  -0.003499
438082.230302   0.790458  -0.005068
438068.908034   0.806777   0.011752
438354.066301   0.797868  -0.006489
438573.591953   0.786858   0.023799
439066.658313   0.793156   0.011668
438966.444097   0.812761   0.016539
439170.207789   0.801732   0.002677
439685.675212   0.783867   0.012408
439955.636606   0.799504   0.005203
439936.161958   0.777886   0.020915
439839.906898   0.796891   0.000806
440415.927676   0.799812   0.004375
440411.120029   0.794265   0.004762
440403.246529   0.796633   0.004942
441077.587096   0.798057  -0.006637
441403.215881   0.797348   0.018752
441590.441870   0.786660   0.007242
441723.411472   0.805502   0.018348
441859.638856   0.787416   0.015436
442540.995588   0.808512   0.011827
442511.987025   0.793781   0.021602
442694.654509   0.807998  -0.000438
442942.600009   0.795406   0.011533
442998.089493   0.809662   0.001194
443014.717502   0.802860   0.004712
443177.547601   0.767179   0.023788
443967.817601   0.798664  -0.004815
443968.549874   0.787264   0.010942
444281.925533   0.799730   0.002896
444492.911160   0.797966  -0.000932
444678.381619   0.789659   0.029865
444809.713522   0.810862   0.014494
445118.881887   0.787976   0.013706
445337.280647   0.804457   0.013241
445792.834761   0.806518   0.023907
445674.446789   0.783429   0.016552
445795.788092   0.795959   0.012682
446102.379119   0.798803   0.005832
446631.529905   0.787650   0.030066
446446.285406   0.795769   0.020585
447475.340541   0.802434  -0.000481
447083.535334   0.803661   0.014661
447295.013778   0.810670   0.013611
447480.914135   0.792269   0.023672
447576.645719   0.785869   0.004861
447931.490800   0.782062   0.013522
448301.254194   0.806036   0.012037
448765.174484   0.780976   0.002617
448519.493182   0.805295   0.002388
448959.307233   0.808794   0.010202
449270.860687   0.794556   0.011124
449463.619924   0.804498   0.029582
449558.444271   0.805816   0.022085
450186.663029   0.793939   0.012548
450031.632270   0.779483   0.042242
449807.739425   0.804921   0.013087
450692.829081   0.796693   0.026735
450474.971843   0.796242   0.013130
450602.374264   0.802195   0.013946
451519.713181   0.788562   0.015658
451151.160674   0.794498   0.001689
452281.248618   0.790822   0.003200
452070.747734   0.815658   0.011928
452127.531497   0.794479   0.009925
452181.350163   0.793544   0.007670
452847.610765   0.783363   0.023540
453025.104355   0.786894   0.035608
452947.309193   0.782159   0.010589
453152.132489   0.804756  -0.001656
453811.240457   0.796654   0.025189
453895.387954   0.785861   0.006386
454071.452805   0.807261   0.020487
454430.775680   0.780996   0.018002
454397.944613   0.801473   0.006385
454477.011091   0.782080   0.028220
454646.507156   0.803237   0.010258
455202.695985   0.790911   0.009962
455031.219481   0.801150  -0.001787
455350.004675   0.783112   0.023329
455720.847489   0.806466   0.019065
455997.224930   0.777615   0.010887
456214.561960   0.800247   0.020515
456612.261414   0.798060   0.025592
456232.167933   0.798450   0.011709
456712.865578   0.795520   0.010856
457083.111939   0.798492   0.027195
457048.943744   0.789430   0.006875
457282.079101   0.801071   0.026637
457601.480451   0.801998  -0.004505
457923.957117   0.799021   0.004265
458413.023523   0.807028   0.005307
458325.325771   0.805615   0.010193
458703.238113   0.802964   0.018849
458652.907920   0.790958   0.018375
459040.791458   0.804745   0.018453
458891.618711   0.785815   0.012266
459268.052875   0.802615   0.016706
459462.361537   0.791447   0.001988
459979.085704   0.792117   0.003271
459974.867822   0.796552   0.000502
460354.866443   0.794817   0.028349
460995.429555   0.783849   0.026873
460795.820857   0.803030   0.005834
461110.739463   0.801816   0.013711
461133.315162   0.811104   0.010896
461610.000884   0.786705   0.006802
461307.991875   0.818383   0.008372
462251.232532   0.789011   0.015423
462054.641821   0.787027   0.033542
462754.015467   0.812415   0.000435
462991.523571   0.794814   0.019194
462912.608798   0.801748   0.019648
462742.279352   0.793486   0.013996
463409.300282   0.777866   0.011252
463854.104704   0.775392   0.017348
463777.392587   0.787130  -0.000387
463628.204960   0.797257   0.012986
464163.732389   0.810364   0.005475
464773.224236   0.812842   0.014734
464605.417900   0.783249   0.023237
464989.507111   0.811911   0.016201
464992.066851   0.794373   0.032382
465409.312386   0.795373   0.022145
465281.347452   0.791438   0.016384
466212.319135   0.794969   0.012808
465869.682321   0.784428   0.004427
466182.216250   0.779609   0.013723
466240.897648   0.796590   0.000464
466828.768765   0.782729   0.017369
466991.395072   0.810773  -0.008232
467185.726358   0.806976   0.035495
467512.121022   0.787231  -0.001326
467088.358200   0.805397   0.014234
467560.635961   0.784856   0.006658
467345.689828   0.807507  -0.008137
468507.001834   0.793736   0.019051
468715.506812   0.791773   0.008822
468541.525569   0.802814  -0.001815
468890.338139   0.792062   0.001208
469523.475924   0.794782  -0.001898
469787.978939   0.796905   0.002696
469702.853905   0.809529  -0.006547
469536.452274   0.805582   0.012977
470058.265054   0.782008   0.011804
470444.503819   0.794638  -0.008667
470556.169970   0.793680   0.017689
471021.413587   0.800319   0.016108
471108.174540   0.776649   0.011074
471326.435417   0.801300   0.006921
471846.178785   0.792881   0.014669
471602.158068   0.791975   0.012519
471733.963965   0.802609   0.006202
472298.430011   0.799819   0.022148
472581.661622   0.799536   0.013522
473161.274660   0.793829   0.007922
472838.896239   0.786889   0.000929
472827.616389   0.801022   0.013376
473403.241425   0.806032   0.013219
473393.371198   0.785473   0.012808
473596.533963   0.792910  -0.002195
474346.494796   0.795486   0.027275
474166.628311   0.801067   0.008777
474398.344625   0.796221   0.027396
474461.777459   0.794473   0.015038
474640.421564   0.777981   0.010204
475128.776410   0.768961   0.015625
475228.961005   0.801899   0.005954
475718.900212   0.785321   0.010129
475991.384105   0.795540   0.019727
476054.014920   0.808506   0.007179
476345.205674   0.790108   0.010434
476750.542135   0.783254  -0.007285
476305.885811   0.798949   0.023201
476850.406613   0.791703   0.016273
477192.762664   0.809874   0.011880
477453.739212   0.798368   0.012572
477335.740170   0.795937  -0.000330
477909.562840   0.791575  -0.006216
477635.973931   0.811948   0.004927
478191.464697   0.802035   0.013560
478387.010198   0.806237   0.016409
478913.271407   0.802237   0.017983
479105.204735   0.800307   0.007263
479085.092743   0.801682   0.003757
479318.704567   0.817896   0.008505
479792.979114   0.776251   0.017547
479568.304117   0.783897   0.017070
479716.686914   0.808703   0.017069
479966.703399   0.791514   0.009021
480702.000166   0.806365   0.009143
480847.865893   0.812961  -0.008429
480994.256420   0.813039   0.020583
481095.154071   0.804243   0.008150
481502.543978   0.818525  -0.004715
481525.611150   0.783748   0.006537
481851.087722   0.791582   0.008131
482067.627303   0.813829   0.021489
482476.883378   0.799881   0.002002
482702.508326   0.795897   0.020595
482641.136316   0.795950  -0.005677
483319.017734   0.799267   0.031987
482841.188346   0.799788   0.034297
483307.473919   0.803123   0.016115
483309.263697   0.780393   0.027190
483571.893409   0.776908   0.017599
483977.171115   0.824930   0.021241
484475.785862   0.800929   0.007728
484237.828706   0.792882   0.006773
484923.224739   0.792300  -0.002076
485095.747178   0.794807   0.022515
484856.278411   0.785722  -0.007264
484809.038326   0.790428  -0.003235
485297.283966   0.787017   0.009865
485990.381938   0.789636  -0.005127
486488.631124   0.784720   0.008772
486071.749524   0.796095   0.002893
486353.196874   0.805204  -0.006196
486561.766640   0.803753   0.015254
487140.240977   0.789440   0.014473
487470.376021   0.799870   0.002447
487358.743926   0.790698  -0.004818
487652.077995   0.786947   0.001539
488313.473360   0.787847   0.020909
487962.178218   0.795972   0.002842
488379.011105   0.779730   0.009169
488708.712922   0.787040   0.013864
488770.155678   0.794147   0.023656
488814.628092   0.790782   0.019780
489396.245624   0.775952   0.010007
489463.344758   0.796823   0.021926
489795.194701   0.799157  -0.014513
489885.592311   0.813714   0.005858
490233.761056   0.782177  -0.000592
490099.434525   0.818942   0.017925
490634.962229   0.789240   0.005222
490537.465713   0.801344   0.007817
491378.330210   0.784039   0.019345
491273.881153   0.806289   0.009227
491480.152095   0.779831   0.008666
491618.206562   0.822945  -0.003361
491767.420821   0.811049   0.014198
492268.054528   0.782580   0.011304
492475.848791   0.826821  -0.004626
492934.146532   0.796262   0.022869
493011.080968   0.784297   0.015554
492859.020023   0.787572   0.006751
493372.067791   0.799543  -0.006001
493642.149204   0.787431   0.000763
493579.269729   0.793044   0.000046
493953.454808   0.785664   0.008583
494354.976522   0.801546   0.007091
494455.785845   0.791939   0.023252
494721.557629   0.791052   0.005822
494915.028781   0.793663   0.013263
494804.288036   0.787311   0.005423
495052.585065   0.790089   0.014001
495749.841613   0.803799   0.012883
495770.936644   0.790409   0.018272
495955.737172   0.803456   0.044744
496169.597387   0.781830   0.009225
496961.828994   0.791330   0.012221
496603.295555   0.806284   0.026230
496925.690338   0.795382   0.012674
497525.432605   0.779915   0.012157
497600.120421   0.796899   0.016735
497503.702745   0.800644   0.008515
497998.230001   0.774326   0.003290
497823.864654   0.794578   0.005506
498199.529351   0.795798   0.023634
498274.881913   0.783691  -0.001431
499034.500348   0.801161   0.000698
499124.236637   0.801267   0.012652
498973.482635   0.791372   0.015438
499085.749169   0.793877   0.002121
499782.695090   0.800371   0.005932
500172.451640   0.811721  -0.001846
500458.497263   0.792733   0.005472
500248.819518   0.805821   0.008495
500746.987516   0.791374  -0.004238
500872.478293   0.774989   0.026543
500925.519147   0.791782   0.004065
501250.046043   0.808568   0.000433
501725.793836   0.778374   0.012570
501686.420390   0.809325   0.022507
502076.545771   0.786722   0.013523
502282.299648   0.814053   0.010387
502498.866399   0.791790   0.001693
502637.240188   0.773479  -0.008420
502835.284458   0.806011   0.006482
502998.822231   0.802354   0.002930
503344.134648   0.797741   0.021974
503595.843432   0.800931   0.015006
503710.956502   0.790146   0.014144
503926.664390   0.792163   0.002568
503944.106143   0.793589   0.021681
504408.570428   0.817055   0.013413
504510.546937   0.779146   0.023872
504683.228873   0.797594   0.006293
504863.459370   0.811236  -0.009934
505384.698192   0.798182   0.005697
505585.014987   0.789092   0.000731
505480.568138   0.811860   0.008513
506002.633430   0.778127  -0.004078
506077.320275   0.782578   0.006476
506335.628357   0.796760   0.015218
506618.234195   0.800009   0.007455
506982.558455   0.787886   0.006970
506809.922912   0.801260   0.010186
507558.707167   0.771464   0.009447
507435.539826   0.798123   0.018546
508082.174603   0.803238   0.018832
507690.429747   0.798052   0.024593
508364.118838   0.804404   0.025836
508150.539029   0.789324   0.016578
508544.185195   0.788414   0.017600
508981.550051   0.805159   0.005546
509105.802077   0.795392   0.021078
509420.846398   0.795385   0.011911
509519.999624   0.791602   0.013777
509977.577566   0.799783   0.008844
510115.812841   0.804026  -0.003963
509954.902177   0.799982   0.008164
510182.285110   0.806736   0.014454
510562.982738   0.788134  -0.006646
511035.028964   0.807159   0.035630
511326.148803   0.777813   0.002729
511238.792289   0.796132   0.006208
511561.641322   0.803051   0.012548
511747.493329   0.790512   0.012759
511672.865824   0.791230   0.017239
512282.474695   0.794895   0.008061
512393.100715   0.812831   0.031652
512723.971372   0.808351   0.002256
513164.244625   0.802063   0.024634
513293.521033   0.808682   0.009927
513363.499427   0.800803   0.004923
513490.553512   0.779101   0.006143
513577.203188   0.780846   0.020451
513912.842515   0.794683   0.019323
513804.253204   0.789641   0.014733
514172.287539   0.788042   0.016546
514922.380389   0.807886   0.006932
515051.733195   0.797270   0.010766
515599.781839   0.774352   0.006263
515496.815415   0.794434   0.010350
515610.433790   0.810045   0.002400
515531.265230   0.799250  -0.007236
515816.371119   0.804328   0.000130
516313.920541   0.793857   0.014271
516621.921625   0.796115   0.027025
517051.933921   0.803978   0.012481
517357.401511   0.803733  -0.008082
516806.283175   0.794110  -0.014775
517850.643783   0.803607   0.006178
517692.748811   0.790195  -0.001551
518018.158136   0.801832   0.005349
518349.677472   0.796654   0.024671
518408.868627   0.797661   0.026865
518514.581951   0.807406   0.022309
518501.469474   0.780402   0.014605
518894.594022   0.789175   0.001369
519356.466173   0.791030  -0.003070
519199.918219   0.818154   0.008122
519318.321433   0.811065   0.029488
519764.687464   0.778874   0.007982
520162.406674   0.792387   0.009523
520724.036730   0.802168   0.010044
520205.194883   0.805594   0.021684
520763.119439   0.793342   0.006791
520996.356461   0.805828   0.000459
520864.648575   0.796889   0.018264
521234.899544   0.801510  -0.005539
521663.984888   0.817086   0.008596
521695.191730   0.796184   0.004060
522186.615696   0.804913   0.006222
522351.979592   0.782075   0.001252
522910.694892   0.803013   0.016096
522457.066361   0.792598  -0.005192
523095.796805   0.799727   0.013002
523324.677778   0.783659   0.000411
523434.150204   0.790894   0.023634
523533.542250   0.787501   0.010815
523744.131427   0.793180   0.021891
523987.390244   0.808193   0.021367
524402.666379   0.793192   0.023901
524515.711560   0.795940   0.016100
525153.880210   0.791809   0.033927
524775.543912   0.800514   0.007797
525677.938965   0.797434   0.010231
525784.031695   0.803293   0.013848
525955.955730   0.789457   0.010963
525924.296745   0.793787   0.005232
526435.546408   0.792608   0.012516
526426.977008   0.806095   0.019763
526612.042192   0.790566   0.019128
526571.549439   0.792618  -0.004122
527013.750655   0.808644  -0.002255
527165.829592   0.801210   0.014932
527385.180702   0.784501   0.012146
528003.575442   0.800191   0.010077
527953.671664   0.785806   0.001551
528470.946575   0.786122   0.024787
528591.415296   0.802388   0.002389
528830.102186   0.793811  -0.004558
529146.890037   0.793092   0.019773
528988.627293   0.800261   0.026757
529219.891401   0.795329   0.008046
529631.398686   0.805275   0.001501
529873.244215   0.799224   0.020382
530061.627968   0.788604   0.022781
530410.958173   0.788674   0.015508
530597.646174   0.803349   0.014292
530581.008165   0.806844   0.005607
530522.789890   0.811325  -0.002262
531167.680181   0.796276   0.013900
531498.654925   0.791935   0.002530
531634.894568   0.794996   0.003823
531951.059754   0.799972  -0.001558
532080.301287   0.803605   0.003319
532787.046054   0.797052   0.007240
532532.032151   0.767591   0.020325
532541.652392   0.794013  -0.019926
533153.648093   0.800283   0.025533
532776.260007   0.796399   0.006988
533345.642486   0.795732   0.015041
533852.298197   0.802079   0.014019
533912.259920   0.797484   0.012742
533943.004485   0.791933   0.009341
534367.758789   0.784954   0.017454
534633.882511   0.802196  -0.006858
534803.944401   0.800565  -0.012691
534920.365021   0.789306  -0.005394
534806.438932   0.802836   0.024117
535557.702242   0.782348   0.012987
535700.813985   0.799924   0.025818
535617.100616   0.789951   0.011634
536445.372901   0.815459   0.023156
536038.512983   0.784165   0.003058
536409.405471   0.782203  -0.005370
536973.146101   0.799735   0.008834
537034.033571   0.810357   0.002438
537089.764527   0.795958   0.010811
537275.480695   0.786263   0.000513
538203.095361   0.778994   0.013592
538267.167138   0.789081  -0.001174
538212.118375   0.788564  -0.000861
538087.936372   0.792135   0.010347
538519.982755   0.793592   0.023363
538634.950601   0.794935   0.012048
539073.278111   0.812070   0.013811
539271.784836   0.794822   0.019502
539448.597132   0.779878   0.008832
539885.413549   0.800126   0.013048
540308.528254   0.781405   0.007238
540500.947365   0.776183  -0.000845
540619.461916   0.803916   0.008691
540686.571709   0.804374   0.007504
540935.652057   0.783508   0.021349
541223.730591   0.784170   0.011664
541519.531199   0.782300   0.005470
541374.527915   0.790684   0.016891
541774.611299   0.782786   0.007768
542326.410685   0.809312   0.010813
542446.602542   0.791638   0.005143
542298.088512   0.809744  -0.011405
542414.559550   0.800674  -0.005666
543041.802434   0.781552   0.010784
542784.035301   0.797371   0.007539
543204.115314   0.800879   0.004046
543581.994093   0.797742  -0.009166
543671.195340   0.783732   0.021360
544358.118614   0.794028   0.003160
544526.741882   0.795132  -0.004678
544346.906594   0.789951  -0.001004
544568.654478   0.802050  -0.001361
544973.748103   0.802852   0.014482
545213.672121   0.781020  -0.000466
545503.645842   0.796377   0.027069
545757.495599   0.777949   0.015379
545451.806101   0.793044   0.005975
545769.900101   0.785575  -0.003803
546219.567902   0.818661   0.003417
546945.811137   0.787789   0.005901
546851.384408   0.797444   0.009308
547028.258450   0.803526   0.010347
547519.235440   0.795892   0.002936
547192.257711   0.785766   0.021320
547584.812393   0.793949  -0.005382
547684.250426   0.817092   0.013050
548438.350786   0.774762   0.014289
548316.594533   0.785346   0.022855
548475.031785   0.796102  -0.000601
548837.219993   0.792368   0.026372
549255.348447   0.807719   0.014425
549769.460846   0.791423  -0.000743
549278.128553   0.809391  -0.002272
550122.082209   0.786512   0.008000
550296.382875   0.806891   0.015439
550378.164980   0.797476   0.001969
550376.802602   0.780075   0.011275
551135.662919   0.794742   0.023559
550948.703906   0.803362   0.002577
551090.093847   0.783061   0.005573
551367.712211   0.808343   0.013930
551696.102336   0.791455   0.009645
552009.202861   0.790160  -0.011519
552147.286816   0.800700   0.024535
552177.473723   0.791050   0.008577
552248.456983   0.795350   0.006700
552727.553642   0.802419  -0.002356
553225.071221   0.785370   0.009323
553368.435406   0.807164   0.008450
553548.518633   0.792596   0.013736
553505.219994   0.808474   0.000884
553849.111998   0.802933   0.022458
554440.145029   0.811324   0.002527
554329.088054   0.807365   0.022744
554543.897905   0.790584   0.025362
554996.203963   0.799316   0.008188
554921.720248   0.778479   0.016641
554908.496409   0.800708   0.002271
555184.882809   0.781185   0.017873
555660.400716   0.798847   0.025051
555931.924624   0.802885   0.027604
556173.541811   0.780678   0.008566
556564.962623   0.798436  -0.002317
556663.352951   0.810417   0.012885
556844.289935   0.791682   0.013824
557132.531048   0.807386   0.017082
557378.341754   0.795414  -0.011234
557673.902316   0.792741   0.014364
557737.571826   0.786654   0.019196
557775.612083   0.800713   0.015435
558407.777551   0.800791   0.012719
558322.472073   0.808319  -0.002885
558740.992580   0.814786   0.011825
558741.140605   0.806273   0.006647
559359.894379   0.788153   0.021975
559478.551469   0.786079   0.024191
559609.930629   0.807283   0.026027
559850.492790   0.791899   0.012953
559863.090454   0.800046   0.032162
560420.283425   0.807767  -0.018516
560581.858319   0.794574   0.013538
560026.007696   0.784025  -0.000710
561448.497302   0.803495  -0.012605
561203.591604   0.797223   0.016641
561381.335353   0.789239  -0.004285
561845.327486   0.796823   0.013692
561996.080274   0.797424   0.005226
562293.991937   0.788821   0.012208
562367.593678   0.794709  -0.003143
562588.448653   0.792196   0.012496
562399.135344   0.796263   0.011760
563255.270122   0.793253   0.008598
563251.017016   0.782820   0.022448
563351.217845   0.797731   0.016711
563797.228007   0.798467   0.000482
563718.584076   0.792986   0.005601
564208.297600   0.790734   0.001500
564210.576722   0.810048   0.005014
565000.629063   0.787387   0.010434
564773.266939   0.795664   0.005284
565316.810590   0.800786  -0.005509
564941.166474   0.788039  -0.001850
565411.258399   0.798081   0.014295
565588.926428   0.791028  -0.007641
566047.798546   0.791974   0.008842
566343.714864   0.793793   0.009405
566623.984935   0.796318   0.003457
566892.932034   0.788334   0.009529
566964.213173   0.809646   0.001062
567454.484985   0.789955  -0.000132
567370.889677   0.790611   0.016341
567844.794719   0.799516   0.003017
568061.103253   0.794600   0.014708
568037.876233   0.794109   0.005074
568064.926464   0.805058   0.013273
568540.169245   0.789702   0.015419
569060.371984   0.796494   0.002300
569059.855772   0.797938  -0.001869
569058.910921   0.804898   0.018773
569591.123259   0.801472  -0.001253
569480.319796   0.798190   0.008237
569592.985427   0.789413   0.020879
570082.724098   0.801311   0.007010
570235.283924   0.815290   0.001878
570754.726454   0.792534   0.003362
571032.477496   0.804263   0.010119
570953.455218   0.811732   0.004786
571159.426165   0.788372   0.009164
571686.803578   0.797823   0.000904
571419.136938   0.802580  -0.002951
571864.588432   0.813795   0.025415
571929.822930   0.804105   0.016096
572560.378173   0.823082   0.005885
572996.204273   0.797972   0.009752
572836.893691   0.807185   0.006396
572660.847934   0.770664   0.009013
573190.869806   0.781988   0.011735
573755.192898   0.787760   0.009106
574182.059664   0.801647   0.023314
574251.480369   0.758955   0.019134
574076.340939   0.805870   0.004962
574854.973695   0.793013   0.019291
574779.840606   0.812574   0.004138
574782.211352   0.806506  -0.014602
575543.467533   0.796734   0.011404
575742.882224   0.797122   0.005743
575541.738688   0.784129   0.009850
576072.828280   0.813803   0.021258
575854.192953   0.800838   0.017476
576123.846506   0.790005   0.014565
576495.892101   0.803836   0.016359
576716.074484   0.790619   0.021096
577102.936922   0.805409  -0.008490
577291.678918   0.795240   0.012549
577424.429049   0.790908   0.021844
577979.219411   0.789967   0.011892
577841.157022   0.784821  -0.007010
578400.521362   0.796867   0.009764
578209.294696   0.794542   0.013954
578605.834729   0.799832  -0.000725
579218.566783   0.794807   0.020035
578942.723264   0.792447   0.022104
579197.695324   0.795509   0.014916
579619.736483   0.796961   0.002771
579852.385848   0.792206   0.019760
580065.070817   0.798168   0.007768
580095.163146   0.805067   0.004508
580484.425862   0.802801   0.000498
580934.163173   0.800229   0.024521
581233.873216   0.801586   0.003691
581420.947252   0.810954  -0.002596
581418.869185   0.804144   0.008126
581814.371782   0.796765   0.010592
581885.239466   0.794023   0.005434
582145.924346   0.785095   0.007435
581906.629069   0.812852   0.011905
582621.535985   0.804572  -0.003852
582813.456573   0.791489   0.007702
582522.396332   0.801766   0.000981
583278.514595   0.799456   0.020034
583696.529228   0.797816  -0.010910
584318.156013   0.799642   0.000450
584135.188554   0.791330   0.003514
584435.670175   0.803423   0.000915
583869.614979   0.789989   0.006107
584160.617049   0.807151   0.020232
584874.521168   0.789985   0.019405
584917.961769   0.808157  -0.006320
585219.039243   0.794354  -0.002902
585356.636923   0.810713  -0.004133
585561.492317   0.782034   0.023530
585744.105886   0.800473   0.011308
586232.009908   0.795211   0.015417
586338.294623   0.795967   0.012014
586131.112193   0.797698   0.004128
586756.587596   0.799447  -0.001531
587073.255856   0.794142   0.022322
587372.579858   0.793079   0.013432
587567.212215   0.794146  -0.000747
587815.732022   0.796440   0.007803
587729.364339   0.794689   0.003590
588317.439000   0.784925   0.025024
588516.718359   0.791490  -0.002351
588532.484438   0.799094  -0.011721
588612.902039   0.808935  -0.002805
589165.444561   0.802433   0.005300
589404.544267   0.810054   0.007803
589631.643966   0.806542  -0.004391
589572.813961   0.799349   0.007455
590253.308997   0.788821   0.012599
590036.771798   0.796730   0.015024
590374.288480   0.796206   0.018465
591168.877175   0.791904   0.022423
590726.498478   0.799513  -0.003529
591058.596619   0.786191   0.014234
591774.826155   0.791135   0.005386
591368.149423   0.801491   0.018016
592040.188022   0.800507   0.006114
592057.497761   0.797866   0.013407
592475.750461   0.807391   0.018190
592552.216094   0.789672   0.005841
593104.599946   0.817994   0.002880
593355.515434   0.788190   0.002472
593520.875355   0.796471   0.017205
593685.468499   0.793492   0.004471
593506.624935   0.791192  -0.005061
593688.431838   0.800051   0.007250
594268.061540   0.795906   0.011563
594409.349040   0.806690  -0.003129
595028.824079   0.802321  -0.003033
594944.029725   0.784483   0.008519
595198.912034   0.789101  -0.016848
595289.592342   0.787945  -0.010954
595884.405741   0.792781  -0.008301
595684.375151   0.810240  -0.006468
595860.979222   0.796095   0.011428
596394.562621   0.791726   0.025749
596532.177665   0.785975   0.026496
596462.488528   0.792498   0.011907
596833.342361   0.799487   0.012471
597079.938621   0.808671  -0.002663
597422.922391   0.795180  -0.001115
597809.472513   0.808997   0.010177
597904.237806   0.802440   0.001270
597820.568651   0.809606   0.015003
598423.464150   0.788219   0.016516
598511.952047   0.792470   0.006095
598947.082449   0.811784  -0.006083
599072.967696   0.778812   0.015423
599069.901586   0.810575   0.037007
599484.283350   0.776503  -0.009434
599498.571731   0.798899  -0.005003
599896.616345   0.783576   0.006933
600026.002576   0.801911   0.024104
600208.475727   0.804886   0.015883
600771.944276   0.808849   0.003052
600900.325906   0.808370   0.019217
600833.687105   0.780518  -0.018281
601222.416511   0.800059   0.002634
601843.336183   0.805999   0.002114
601832.732980   0.800094   0.001494
601863.968818   0.815543   0.014280
602067.740741   0.787711   0.017209
602241.061376   0.798364   0.017663
602787.387567   0.802397   0.001515
602910.051097   0.778796  -0.001888
603281.250140   0.798646   0.002313
603402.903473   0.817104   0.002331
603407.829197   0.799485   0.004343
603682.191296   0.792800   0.012127
604026.268770   0.793185   0.014308
604643.296736   0.792156   0.021525
604100.707197   0.804349   0.004434
604843.484622   0.794403   0.008894
605236.685439   0.822000  -0.005919
605317.683923   0.821196   0.016706
605470.803524   0.790236   0.017320
605885.745783   0.786159   0.014973
605530.046239   0.799756   0.015917
606166.423006   0.813011   0.008361
606606.184069   0.788247   0.009843
606735.191883   0.816459  -0.025315
606377.570259   0.797513   0.007636
606863.393026   0.799742   0.007814
607436.599538   0.791761  -0.013225
607461.818403   0.803431  -0.008971
607409.485725   0.798273   0.009788
607931.137038   0.785973   0.019369
608009.726461   0.791748   0.001043
608157.046905   0.799846  -0.000041
608313.904316   0.780892   0.004883
608656.601492   0.796427   0.003050
609312.824404   0.773707   0.009129
609177.084030   0.798291   0.014429
609596.183081   0.777761   0.012916
609913.783235   0.789508  -0.004722
610210.164496   0.798265   0.014566
610053.359412   0.802998   0.000631
610186.248496   0.793572   0.021328
610716.321600   0.805020   0.019244
611219.431262   0.795753  -0.013391
611200.538554   0.791917  -0.012927
611132.646112   0.797886   0.013914
611148.195652   0.799370   0.015441
611579.308998   0.794813   0.012671
612263.340147   0.787364   0.015934
611905.735896   0.799732   0.012080
612393.466033   0.801623   0.017755
612946.894007   0.790625   0.013391
612981.228814   0.805226   0.009790
612938.369587   0.795537   0.006766
613195.614365   0.799459   0.023498
613492.349752   0.791603   0.010175
613888.292679   0.779231   0.018809
614099.750931   0.809742   0.009055
614178.443341   0.799130   0.020707
614439.169645   0.787925   0.011487
614921.848752   0.798606   0.004625
614882.936976   0.802451   0.007443
615439.526022   0.807072   0.000913
614968.177746   0.795775   0.002261
615650.966083   0.780934  -0.000138
616373.250408   0.824079   0.017676
616547.690817   0.797924   0.014518
616697.395596   0.791674   0.024905
616753.853598   0.802589   0.009546
617249.368728   0.805913   0.003159
616836.086383   0.789370   0.002249
617449.383222   0.780022  -0.015422
617701.453281   0.791127   0.000744
617645.557146   0.795537  -0.011517
618046.478196   0.803747   0.004189
618145.961528   0.788744   0.024166
618605.207928   0.789998  -0.000988
618468.887301   0.785042  -0.002768
618745.723690   0.793489   0.009667
618999.837897   0.791938  -0.000533
619473.819460   0.784379   0.007490
619655.495167   0.809869   0.012509
619974.599177   0.787857   0.009083
620622.885857   0.785896  -0.004841
620248.323436   0.829402   0.005614
620853.911752   0.801735   0.000728
620651.576236   0.818676   0.019960
621075.471874   0.788871   0.000034
621336.319045   0.794384   0.019367
621299.248311   0.793491   0.013168
621783.075359   0.799214   0.021156
621983.655880   0.799807   0.004262
622245.459819   0.808053   0.005079
622404.294682   0.791321   0.013951
622357.037444   0.807887  -0.001607
623017.525045   0.807138   0.026813
623001.035723   0.793021   0.005321
623139.938972   0.798473  -0.007126
623753.405255   0.791369   0.006735
623663.935326   0.785176   0.000632
624079.794115   0.797409   0.009238
624567.350735   0.796022  -0.007637
624457.815376   0.809587  -0.005318
624815.596702   0.793834   0.007194
624852.048827   0.777195   0.010058
625136.517622   0.801162   0.001478
625542.650801   0.802012   0.017817
625718.265476   0.798644   0.003423
625590.869285   0.794862  -0.007747
626139.061764   0.801247   0.015908
626196.292871   0.798917  -0.004231
626136.586235   0.791572   0.015052
626731.308951   0.812683   0.003469
627245.180256   0.796605  -0.000135
627341.414741   0.774614   0.018116
627481.744013   0.803880   0.007923
627685.574770   0.796969   0.020443
627903.857884   0.788540   0.010674
628321.244825   0.795312   0.001266
628347.776631   0.803638   0.028554
628914.412958   0.796865   0.018425
628892.410634   0.801277   0.006604
629026.665849   0.795689   0.026279
629359.428222   0.813589   0.008743
629533.288580   0.785300   0.005743
629831.276069   0.797465   0.005118
630234.506552   0.803384   0.013539
630086.802121   0.801156   0.012711
630547.860392   0.821734   0.014758
630482.265960   0.784044   0.034067
630863.880618   0.788232   0.027240
631341.378273   0.805509   0.016140
631264.938777   0.789747   0.016002
631463.145199   0.799818  -0.001178
631818.652331   0.807858   0.012711
632036.373901   0.788768   0.021047
632440.696210   0.796558  -0.003203
632473.420166   0.781107   0.021340
632394.788762   0.809800   0.009992
632829.656402   0.792876   0.024492
633201.650268   0.796231   0.003403
633079.926298   0.797901   0.001871
633610.863309   0.812247   0.026514
633699.366820   0.803297   0.004415
634360.657463   0.810332   0.025844
634150.594506   0.804827   0.020824
634450.484780   0.786048   0.008018
634836.143083   0.815165   0.019554
634867.514930   0.785246   0.019973
635484.367555   0.790611   0.012612
635112.599744   0.791649  -0.013573
635309.199938   0.792610   0.003455
636013.556520   0.786339   0.007844
636013.247320   0.812591   0.015784
636523.009461   0.788252  -0.007071
636604.732519   0.800485  -0.007850
636804.360831   0.791142   0.003092
636661.261125   0.801444   0.029776
636900.772380   0.807378   0.014701
637431.992889   0.797914   0.013074
637488.156191   0.797533  -0.002844
637844.331159   0.802866   0.007263
638301.682552   0.781991   0.008908
638575.546650   0.789376  -0.017667
638273.691543   0.810056   0.020458
638634.186276   0.813823   0.007022
639196.257938   0.785963   0.011133
638989.802802   0.795158  -0.006566
639570.076453   0.800312   0.001000
639693.897512   0.804732   0.034825
640163.587900   0.814870   0.004098
640219.707155   0.801170  -0.010572
640648.796428   0.799594   0.017399
640444.306685   0.812458  -0.007433
640913.994238   0.803188   0.022566
641255.503328   0.802635   0.004363
641594.891388   0.817695   0.018211
641611.410643   0.792773   0.004816
642180.740208   0.794169   0.013440
642093.056394   0.808725   0.005652
642291.801877   0.814463   0.003365
642410.090357   0.795996  -0.001075
642857.767170   0.799027   0.007789
642730.340970   0.798831   0.010252
642812.892936   0.797530  -0.004380
643317.263211   0.781172   0.009362
643531.699030   0.786064   0.001865
644100.710076   0.783820  -0.000624
644073.387786   0.776847   0.016973
644464.113057   0.794273   0.007052
644699.960732   0.784241   0.007652
644642.584342   0.791409   0.020057
644923.430886   0.800899  -0.000951
644824.595047   0.803622  -0.012683
645373.641401   0.786437   0.022666
645432.612843   0.795588   0.005448
645793.168718   0.801757   0.031718
645791.879743   0.792562   0.014311
646366.791864   0.785436  -0.000798
646431.293579   0.792301   0.004682
646864.655834   0.788757   0.007582
646987.321262   0.795907   0.008529
647423.617502   0.807973   0.005132
647279.086178   0.787266   0.000406
647575.004574   0.807965   0.015402
647840.843358   0.786116   0.012502
647962.260704   0.790529   0.014246
648301.628737   0.790749   0.019718
648096.035430   0.797003   0.033042
648767.448185   0.801102  -0.003563
649028.596789   0.807587   0.009371
649246.473800   0.791278  -0.009345
649931.253306   0.788285   0.012751
649484.625709   0.781092   0.001818
649608.791212   0.794573   0.002319
650471.492746   0.784052   0.001905
