70417.332123   0.765945   0.071150
70417.332123   0.765945   0.071150
70661.410546   0.791070   0.083094
71122.916114   0.794957   0.060442
71534.119003   0.784184   0.072800
71837.949510   0.805052   0.045365
71909.036581   0.786100   0.055500
72537.567350   0.774792   0.067800
72674.814467   0.778684   0.075300
73008.654079   0.800287   0.079400
73557.105242   0.793915   0.069677
74008.657599   0.805200   0.071590
74279.113036   0.775578   0.066259
74371.254275   0.770508   0.054510
74765.835723   0.785667   0.064492
74914.538588   0.794096   0.077130
75244.487738   0.794808   0.067747
75983.841874   0.788205   0.054829
76141.154062   0.783878   0.070824
76232.941848   0.771916   0.064981
76884.935247   0.788061   0.068851
77370.698956   0.767980   0.060589
77337.827213   0.778896   0.089822
77526.032764   0.791605   0.055463
78485.869299   0.801815   0.053811
78812.930599   0.787149   0.057024
78790.395138   0.778050   0.063138
79100.831501   0.780980   0.069226
79311.570268   0.789751   0.069856
79907.150925   0.765999   0.064215
80296.882124   0.786403   0.081976
80551.581381   0.795741   0.068937
80915.027854   0.786410   0.046825
81191.144488   0.785223   0.043088
81468.054254   0.786051   0.060719
81963.996623   0.783101   0.047923
81976.848714   0.765668   0.055406
82705.672402   0.798898   0.064355
82781.326406   0.789966   0.072235
82861.357154   0.775106   0.063052
83460.592526   0.787354   0.060469
83772.515846   0.775369   0.064773
84717.256182   0.786693   0.045957
84717.979871   0.777344   0.074708
84622.064384   0.797539   0.050370
84973.555694   0.769829   0.049620
85270.498283   0.786075   0.065514
86189.290158   0.778186   0.080503
86321.152189   0.761178   0.047073
85797.017711   0.784588   0.051451
86939.067846   0.790998   0.040276
86874.147015   0.786222   0.065771
87388.721592   0.785619   0.060336
87457.713509   0.786281   0.024978
88215.870408   0.795453   0.052803
88460.619775   0.791986   0.051822
89030.041073   0.768047   0.071031
88854.749497   0.798803   0.059903
89368.266597   0.799338   0.063843
89770.340156   0.764599   0.062372
90537.279968   0.781094   0.047664
90495.863809   0.786679   0.047429
90509.230372   0.772310   0.044678
90918.753853   0.778574   0.052061
91184.396922   0.791601   0.037409
91847.770033   0.779634   0.063634
92071.668239   0.771163   0.060840
92600.390621   0.782764   0.051327
92675.039015   0.796596   0.046025
92937.078578   0.770579   0.056408
93739.422027   0.785088   0.059429
94153.607428   0.775125   0.053193
94208.106459   0.799237   0.046705
94269.154343   0.786799   0.056583
94594.466359   0.790487   0.043014
94960.583664   0.788503   0.048391
95690.630552   0.769193   0.070531
95761.413875   0.785926   0.059865
95910.019367   0.795556   0.044377
96381.001217   0.793505   0.059305
97053.425556   0.787182   0.049873
97110.134693   0.788747   0.056475
97229.431106   0.762298   0.057950
97683.519684   0.787586   0.030403
98556.829927   0.783411   0.062382
98442.355357   0.780756   0.058954
98752.349645   0.785737   0.061930
99055.378495   0.790470   0.055938
99576.503297   0.766734   0.047745
99677.527682   0.785802   0.047179
100603.995808   0.775048   0.054662
100727.975211   0.788066   0.039333
100923.485770   0.792925   0.031247
101219.498557   0.790451   0.049152
101195.180108   0.785128   0.043575
102029.170461   0.776461   0.042144
102046.769837   0.787991   0.043575
102233.283641   0.783751   0.064209
102729.386460   0.784452   0.062408
103401.122096   0.776646   0.041127
103848.402730   0.791250   0.021508
103630.995493   0.783089   0.048208
104190.184319   0.768974   0.044892
104517.174123   0.763837   0.031004
104473.954452   0.784132   0.042277
104839.056263   0.790289   0.051514
105318.655493   0.791350   0.048434
105986.467053   0.795884   0.047712
106311.491217   0.792018   0.048859
106618.004522   0.784538   0.057434
106610.464229   0.779245   0.048139
107313.107065   0.793297   0.070901
107410.808695   0.783594   0.048136
107950.312988   0.780781   0.057609
107827.532420   0.793193   0.042553
108357.239146   0.776381   0.041461
109053.466960   0.795042   0.045673
109154.515400   0.798696   0.055509
109424.760141   0.787271   0.036509
109761.372015   0.800628   0.033253
109687.356457   0.780222   0.048002
110621.123497   0.797977   0.038968
110659.088382   0.780212   0.037950
111109.599222   0.790538   0.049481
111337.919860   0.781377   0.055435
111777.364273   0.805478   0.055049
112085.413454   0.795503   0.044406
112672.652601   0.783858   0.041571
112734.086462   0.784855   0.048289
113285.081834   0.774736   0.045260
113588.560725   0.790522   0.024406
113764.726281   0.771963   0.045728
113814.560446   0.792268   0.049192
114591.545593   0.790298   0.036045
114612.656034   0.779170   0.039034
115256.458304   0.776791   0.041630
115579.411513   0.781713   0.043884
115600.114587   0.786092   0.058364
116266.947728   0.783194   0.040356
116283.405244   0.794259   0.038255
116770.542852   0.770798   0.055704
116730.337964   0.776838   0.037419
117858.664761   0.804625   0.031798
117631.285480   0.784650   0.042972
117737.561134   0.789514   0.039032
118591.954928   0.798795   0.047902
118896.480692   0.790363   0.043018
118738.983718   0.782425   0.042291
119254.151361   0.792962   0.052294
120151.048985   0.779111   0.029046
119872.559526   0.798985   0.051382
120357.337444   0.789207   0.031207
121012.647008   0.783865   0.063930
120954.374394   0.774679   0.051127
121547.415049   0.801128   0.052089
122105.773731   0.783388   0.044571
122222.766629   0.783411   0.043895
122364.325538   0.791362   0.033053
122534.930429   0.789939   0.047055
123266.216951   0.775541   0.057167
123432.866496   0.770997   0.036929
123990.656676   0.772293   0.062164
123938.735902   0.788025   0.044026
124379.242610   0.782794   0.031431
125025.328596   0.777177   0.030098
124798.933492   0.781599   0.049886
125453.311113   0.796113   0.042391
125691.272181   0.781518   0.059807
125815.482585   0.804599   0.035755
126246.976495   0.802199   0.028417
126832.732204   0.762024   0.040528
127076.314679   0.787857   0.036462
127566.462084   0.776786   0.033478
127488.698809   0.777110   0.035338
127780.567483   0.798814   0.036083
128733.575243   0.780117   0.057645
128787.368268   0.790262   0.043717
129267.758354   0.792448   0.042052
129169.012069   0.791222   0.035540
129547.541194   0.809222   0.051210
130038.887591   0.779526   0.050701
130224.474651   0.785819   0.041076
130757.535842   0.794827   0.033649
131012.805757   0.812977   0.038302
130776.340219   0.795195   0.046471
131878.476908   0.783735   0.044409
132122.408580   0.784702   0.048359
132388.517179   0.785883   0.026683
132636.188738   0.776558   0.043507
132887.370851   0.744747   0.034558
133520.629143   0.776379   0.025796
133546.077580   0.804363   0.023635
133936.210459   0.794968   0.051198
133979.707182   0.795235   0.037420
134192.929734   0.796767   0.034613
134532.623839   0.791756   0.036166
135293.637562   0.793607   0.052826
135235.687393   0.776980   0.050326
135680.065414   0.769252   0.037780
136352.531367   0.794670   0.038633
137177.276179   0.779846   0.042769
136894.255458   0.781724   0.042946
137343.228735   0.793853   0.055453
137626.940749   0.793043   0.030049
137985.802154   0.786691   0.031730
138100.891372   0.794537   0.033624
138453.537857   0.786248   0.053512
138916.870211   0.780121   0.037865
139039.572001   0.787600   0.039102
139413.836436   0.780263   0.041579
139724.115217   0.796193   0.024270
140125.353432   0.794433   0.033360
140641.114401   0.784939   0.038200
140975.481549   0.793036   0.046009
141063.483759   0.773496   0.046688
141393.540220   0.781402   0.021327
141769.435370   0.789574   0.033755
142220.853478   0.768105   0.033476
142615.876626   0.791228   0.020793
142537.965904   0.797222   0.017722
143073.811720   0.793574   0.037861
143961.872475   0.786883   0.038987
143971.498986   0.779163   0.022677
144383.115486   0.791173   0.065044
144285.085221   0.790343   0.048438
144924.442493   0.801603   0.022773
144926.445417   0.787171   0.045829
145578.365784   0.772141   0.055905
145537.260270   0.769674   0.046143
146032.763864   0.786626   0.039754
146773.325037   0.789290   0.033279
146866.259592   0.787883   0.052551
147197.877397   0.777659   0.056850
147636.740209   0.790770   0.044221
148060.338553   0.779109   0.046520
148394.137439   0.780925   0.036751
148757.997876   0.773690   0.029152
148740.313048   0.787546   0.013028
149150.960810   0.784380   0.042040
149556.020828   0.775091   0.032380
150341.141573   0.790411   0.038780
149965.148343   0.786059   0.047976
150314.890110   0.794222   0.047293
150680.566641   0.781664   0.058108
151275.563655   0.773418   0.029713
151491.248390   0.792893   0.043489
151752.562183   0.788598   0.038573
152214.898078   0.790392   0.029873
152476.232286   0.789377   0.047688
152672.350626   0.798598   0.032135
153193.412578   0.772810   0.040094
153529.853008   0.788231   0.031715
153430.071577   0.787540   0.029193
154045.707507   0.780100   0.043503
154868.601573   0.783885   0.040050
154924.892104   0.784280   0.046702
155166.239255   0.790289   0.033244
155210.027099   0.795012   0.037006
156012.475176   0.786280   0.033740
155932.062311   0.778579   0.030335
156582.171615   0.795409   0.034424
156740.153905   0.775556   0.038037
157575.311618   0.792228   0.048633
157442.454840   0.776570   0.029809
157619.077558   0.795789   0.050565
158212.644452   0.773711   0.032164
158089.696905   0.797955   0.026558
158901.136345   0.805445   0.043482
158875.080307   0.767688   0.042324
159880.862137   0.781547   0.027054
159619.209414   0.769292   0.005917
160188.094446   0.788369   0.033002
160488.902806   0.779181   0.036085
160676.194828   0.802173   0.032077
161116.288657   0.775966   0.013957
161375.307598   0.810832   0.038038
161691.225181   0.781088   0.039281
162181.099847   0.791085   0.037860
162319.090045   0.809033   0.022308
163052.591831   0.799759   0.019361
162979.527244   0.778224   0.052627
163113.859146   0.791573   0.041324
163557.989058   0.778001   0.035784
164160.710295   0.787354   0.041973
164334.859676   0.798505   0.032716
164617.997181   0.791352   0.035065
164739.470435   0.779829   0.021424
165303.422663   0.795318   0.047034
165855.430915   0.791818   0.019059
165970.816109   0.785783   0.033912
166365.081709   0.782665   0.023328
167059.367464   0.800576   0.031070
166966.306389   0.783143   0.033729
167589.948943   0.773892   0.028616
167976.174067   0.794390   0.025323
168456.463837   0.788960   0.037208
168204.042373   0.788737   0.025959
168578.217572   0.823618   0.028675
169181.730172   0.780159   0.027761
169145.414488   0.778293   0.014954
169532.152282   0.782763   0.031859
170443.986427   0.792075   0.029740
170394.373767   0.788273   0.044093
170868.205856   0.791155   0.021398
171358.012785   0.786222   0.033101
171463.460459   0.770258   0.025501
171874.508399   0.776993   0.005309
171962.671342   0.793050   0.021551
172503.125469   0.789874   0.036049
173045.214665   0.786113   0.030523
172953.467880   0.773875   0.051386
173399.537966   0.794223   0.037482
173643.572366   0.802974   0.037362
174416.335671   0.798213   0.020994
174294.095987   0.790469   0.023057
174905.127338   0.782932   0.031542
174935.129655   0.785674   0.032726
175347.962312   0.782950   0.037699
175327.759931   0.777449   0.013266
176042.149998   0.778848   0.033941
176046.649058   0.782731   0.025930
176817.364101   0.792050   0.031188
177121.117653   0.785066   0.009780
177184.801124   0.789634   0.033719
177452.510238   0.796179   0.024316
177617.934352   0.796202   0.023095
178291.159703   0.789825   0.032479
178791.887285   0.791551   0.034599
179186.978859   0.788919   0.024520
179449.139852   0.793142   0.027540
179787.994092   0.798084   0.016977
179818.229163   0.795110   0.045842
180314.701816   0.780224   0.027591
180650.333400   0.780704   0.034241
181369.338227   0.808262   0.022534
181153.638108   0.770950   0.015308
181631.514022   0.774216   0.025967
181719.444314   0.780021   0.028386
182318.195707   0.800473   0.046284
183056.671867   0.779154   0.023830
182973.345051   0.780265   0.029914
183098.120051   0.767804   0.036370
183799.756729   0.788316   0.038315
184088.941501   0.789743   0.017869
184332.388036   0.792546   0.039689
184970.247888   0.793082   0.025689
185215.672848   0.789216   0.012073
185521.941877   0.781048   0.022375
185543.899902   0.793238   0.038636
186404.353522   0.776671   0.033515
186364.285046   0.789393   0.039364
186616.147810   0.787612   0.017860
186890.018822   0.805397   0.025436
187443.909804   0.773404   0.043200
187895.193570   0.782166   0.042050
188155.868641   0.793602   0.017079
188101.080456   0.786074   0.037401
188659.758781   0.798970   0.015287
189053.242329   0.782372   0.021774
189533.535872   0.795919   0.027321
189816.456952   0.786772   0.036390
190032.008882   0.793152   0.013243
190579.983193   0.788947   0.028799
190379.556151   0.779827   0.004499
191014.132818   0.785401   0.002915
191149.988147   0.809995   0.016626
191970.916319   0.778271   0.013453
191867.964533   0.800885   0.014035
192114.012091   0.774235   0.027644
192708.571487   0.780953   0.029467
192802.220950   0.783398   0.017164
193087.576602   0.770511   0.018342
193776.058533   0.774437   0.031338
193897.337713   0.803719   0.046360
194165.829504   0.776698   0.013315
195148.333503   0.781732   0.030905
194544.689265   0.787285   0.003703
195069.185889   0.785988   0.012892
195947.533118   0.781316   0.035944
196163.672909   0.802320   0.017044
196474.752102   0.785000   0.022143
196266.845752   0.783474   0.033457
196716.995103   0.773113   0.034879
197385.476888   0.797133   0.037852
197352.212013   0.798955   0.024476
198095.388351   0.782668   0.031297
198191.724093   0.796970   0.018133
198413.844407   0.784627   0.023616
199090.395850   0.780266   0.010152
198975.949591   0.780756   0.028368
199661.618295   0.799373   0.013548
199776.985577   0.786043   0.012453
200407.921998   0.790671   0.024595
200611.376795   0.805198   0.028139
200690.817405   0.793088   0.021843
201344.560410   0.781122   0.026570
201606.942141   0.775732   0.027614
202096.775750   0.789689   0.022248
202055.783076   0.789765   0.042034
202200.798510   0.774751   0.018283
202527.090838   0.781732   0.036918
203185.907405   0.774622   0.039269
203299.490792   0.768635   0.035534
203807.241694   0.784395   0.016499
204649.472154   0.784416   0.040011
204408.629804   0.794619   0.006604
204850.479534   0.798638   0.014450
205085.250492   0.789674   0.014918
205476.392782   0.800487   0.008850
205830.976023   0.790049   0.031256
206043.439679   0.794896   0.039628
206066.464488   0.795525   0.031932
207061.365854   0.803013   0.047354
207024.727547   0.798675   0.013113
207601.368197   0.791598   0.025223
207930.411799   0.792841   0.027329
208010.522105   0.791134   0.019857
208694.869629   0.789570   0.020573
208728.219789   0.780441   0.022814
209332.832127   0.768890   0.004763
209700.331418   0.780188   0.007785
210008.454247   0.780118   0.011078
210264.410620   0.789959   0.027416
210741.858623   0.780525   0.014495
211471.397749   0.782366   0.038772
211414.909128   0.768501   0.023290
211556.405065   0.784966   0.011890
212258.375057   0.764480   0.023663
212396.448171   0.787684   0.028680
212699.762975   0.772133   0.034906
213091.867976   0.790374   0.030255
213314.288496   0.805975   0.014892
213605.604799   0.797738   0.029737
213638.294141   0.790885   0.012870
214160.226868   0.785834   0.034633
214953.193177   0.793735   0.001763
214929.874521   0.788771   0.028038
215261.097361   0.800396   0.020501
215486.925223   0.780457   0.014638
216176.193731   0.780600   0.011916
216352.659831   0.791364   0.004578
216295.493092   0.791808   0.037767
216826.676493   0.774476   0.018439
216984.784459   0.785777   0.033205
217457.323626   0.782992   0.021056
217978.448811   0.759650   0.018721
218200.625870   0.790533   0.012257
218518.518853   0.775373   0.022861
218966.457821   0.799112   0.017695
219175.910031   0.781999   0.009195
219713.394261   0.792441   0.043708
219824.315339   0.773831   0.028046
220011.769667   0.772950   0.018659
220524.657049   0.773179   0.028909
220523.862155   0.781561   0.017960
221510.830194   0.785723   0.029250
221935.977079   0.791231   0.023924
221633.329596   0.775286   0.016913
221998.604125   0.777302   0.011255
222804.303048   0.782602   0.024928
222649.701505   0.788022   0.013593
222858.294986   0.772272   0.045091
223778.888704   0.806041   0.015279
223760.032780   0.794151   0.032929
224011.189452   0.787806   0.031014
224508.103475   0.786732   0.015596
224693.260728   0.760421   0.023051
225108.290389   0.788771   0.050472
225288.359020   0.781304   0.015928
225901.385276   0.801934   0.017238
226220.394663   0.802973   0.009835
226473.209030   0.780383   0.010106
226879.551497   0.771590   0.020558
226813.326716   0.793029   0.008288
227842.307892   0.784215   0.025548
227217.151162   0.781246  -0.004575
227862.877979   0.790183   0.028669
228523.693257   0.804803   0.032042
229081.609046   0.787499   0.012561
229033.856922   0.791708   0.003835
229761.433231   0.814089   0.031272
229767.993783   0.799509   0.004445
230356.297434   0.776750   0.032206
230471.892273   0.791496   0.022948
230542.422299   0.776646  -0.000168
231299.729479   0.771616   0.020299
231370.861047   0.782940   0.008115
231691.277041   0.787511   0.011706
231968.687007   0.801021   0.026635
232496.949301   0.793681   0.020636
232691.580557   0.774023   0.013176
233179.824670   0.772276   0.026026
233052.989019   0.775073   0.015593
233733.147406   0.791215   0.038411
234434.682319   0.777339   0.023326
234655.541843   0.776798   0.030709
234942.166674   0.780876   0.030026
235355.153359   0.790244   0.026590
235443.597235   0.781929   0.002491
236283.557206   0.795666   0.024384
235973.923272   0.791262   0.007057
236207.083557   0.780349   0.032434
236886.707820   0.804517   0.021152
237055.132730   0.783918   0.012507
237537.286960   0.784445   0.022076
237954.944597   0.773653   0.017878
238146.744198   0.785005   0.032035
238800.695133   0.789523   0.024140
238946.441716   0.779990   0.028733
239411.123770   0.785152   0.015317
239834.014119   0.769705   0.025847
239940.900063   0.771496   0.014977
240327.470075   0.771641   0.034323
240092.666064   0.768918   0.000626
240610.179945   0.783011   0.024477
241293.837642   0.780414   0.003207
241433.837478   0.762842   0.026190
241907.933896   0.791393   0.012839
242063.534075   0.790686   0.007964
242387.308912   0.772071   0.026375
242961.811270   0.778934   0.019548
242887.388858   0.795253   0.010695
243454.421515   0.788578   0.032510
244125.216554   0.791142   0.025129
244020.306389   0.777273   0.015033
244610.766514   0.775533   0.020758
244702.453541   0.775855   0.030217
245103.915973   0.794141   0.023870
245499.794634   0.784627   0.018531
245758.385352   0.784408   0.014373
246120.536408   0.781378   0.033370
246428.059502   0.795301   0.016230
246533.581608   0.778836   0.005187
247230.112127   0.780045   0.028433
247520.726773   0.791341   0.018843
247905.060427   0.790003   0.012620
248184.959727   0.804491   0.028474
248830.660258   0.778038   0.040459
248878.654889   0.796212   0.026835
249374.952942   0.781727   0.020924
249589.156471   0.772274   0.010033
249877.059750   0.786314   0.007953
249999.295580   0.783448   0.001551
250435.427119   0.816583   0.011022
251147.043637   0.796545   0.041655
251222.246327   0.789704   0.032172
251771.129040   0.760329   0.027581
251544.401110   0.789286   0.005839
252260.273735   0.775208   0.010609
252483.238321   0.790089   0.040397
252695.327862   0.773107   0.014210
253137.730243   0.808253   0.014442
253500.050770   0.790639   0.015796
253789.624903   0.769816   0.015595
254327.118579   0.788724   0.028756
254470.057783   0.766848   0.021386
254788.392457   0.783785   0.037448
255293.699521   0.788575   0.023328
255608.581832   0.796571   0.040109
255621.504769   0.788286   0.019578
256018.909289   0.769837   0.027424
256064.246118   0.780078   0.025876
256680.685531   0.770786   0.029683
257272.692197   0.784000   0.019481
257520.204099   0.786958   0.025435
257919.231250   0.780423   0.007126
258036.877209   0.789761   0.023626
258709.907832   0.781042   0.026771
258691.147666   0.786952   0.013267
259129.090995   0.796559   0.036857
259217.545411   0.788031   0.008614
260053.668090   0.778399   0.032435
260293.264408   0.778099   0.018134
260364.776798   0.789003   0.030487
260701.034965   0.782759   0.025534
261173.241065   0.789105   0.015396
261146.751775   0.786854   0.016854
261837.219909   0.783040   0.024520
262583.593229   0.788097   0.005979
262444.912293   0.792983   0.027494
262786.732338   0.759337   0.002390
263472.621489   0.781018   0.019295
263617.467531   0.795955   0.011475
263855.917664   0.777741   0.013671
264008.825051   0.792300   0.039347
264650.427947   0.794359   0.013834
264671.240822   0.771511   0.013505
265524.715258   0.774872   0.010914
265604.186722   0.791324   0.032125
265499.601732   0.772232   0.026583
265949.028566   0.768350   0.029234
266674.337088   0.778405   0.006428
267057.698827   0.799313   0.019281
267370.457819   0.783263   0.012735
267433.503089   0.789546   0.025607
267662.896282   0.784026   0.014497
268474.621965   0.789520   0.003829
268589.046567   0.805990   0.030360
268743.353523   0.794551   0.016348
269203.485907   0.788601   0.011479
269229.670624   0.782855   0.026931
269714.487905   0.780300   0.020172
269839.182860   0.767249   0.013474
270251.616388   0.774328   0.014407
270919.847546   0.778844   0.014307
270805.910739   0.780830   0.002631
271229.785720   0.778123   0.010237
271724.161796   0.796569   0.030355
271880.347166   0.795295   0.014027
272407.445674   0.775973   0.019168
272760.003530   0.794721   0.010674
273157.518383   0.757972   0.029271
273513.122292   0.780606   0.009104
273767.972903   0.798712  -0.002744
273786.126817   0.763015   0.027460
273926.739045   0.781647   0.022386
274792.628821   0.783958   0.025324
274855.986476   0.791624   0.006644
275424.242936   0.805368   0.003554
275644.000786   0.793792   0.026565
276541.135418   0.797650   0.022425
276779.547421   0.781748   0.038794
276982.572429   0.781987   0.019084
277251.705869   0.783240   0.022080
277247.830756   0.781555   0.016940
277809.526196   0.774335  -0.003430
278323.220850   0.795662  -0.003932
278558.286628   0.794228   0.033725
278610.083499   0.804689   0.001007
279262.173600   0.774604   0.026057
279392.365610   0.784057   0.026160
279741.582443   0.775637   0.015862
280239.884819   0.778346   0.021188
280616.723780   0.795543   0.008232
280829.516999   0.797122   0.007993
281023.050862   0.788800   0.014348
281580.369233   0.798211   0.023581
281953.274580   0.800338  -0.000521
282424.198213   0.798747   0.003710
282743.867898   0.776345   0.019909
282597.995038   0.791908   0.025464
282859.958068   0.784106   0.015519
283522.383306   0.778558   0.006475
283604.751465   0.798973   0.007682
283896.440567   0.793832   0.022251
284612.050447   0.790446   0.017405
284643.962327   0.768297   0.027510
285325.181156   0.789799  -0.000170
285255.379507   0.775456   0.019900
285647.923199   0.783942   0.033388
286079.490020   0.783858   0.022147
286135.477102   0.792390   0.020102
286963.946796   0.771203   0.010057
287335.688550   0.799784   0.028856
287691.762387   0.788433   0.014358
287925.517488   0.793882   0.014482
288252.723909   0.783922   0.009042
288367.060844   0.817390   0.012750
288924.886246   0.792382   0.021024
289016.331092   0.791729   0.008772
289083.620476   0.803827   0.021751
289973.908671   0.782106   0.024983
290334.868855   0.772743   0.013348
290843.870895   0.776871   0.024596
290733.159522   0.777505   0.019984
291035.274753   0.786367   0.029363
291611.840283   0.775470   0.015318
291586.808379   0.760158   0.020352
292202.395449   0.774792   0.032721
292657.840427   0.780956   0.022861
292590.500267   0.791438   0.017618
293077.300954   0.764572   0.004710
293418.596114   0.793172   0.012214
293842.528055   0.806996   0.013149
293792.767761   0.772774   0.031074
294529.849535   0.798973   0.003717
294690.874161   0.778237   0.020970
295083.401032   0.803254   0.017548
294972.928574   0.781319   0.015223
295608.515583   0.785524   0.032525
295983.499458   0.781433   0.021609
296236.536496   0.787547   0.008702
296627.473843   0.788859   0.027732
297284.517820   0.786891   0.023902
297369.711207   0.788907   0.026004
297734.320537   0.793592  -0.002118
298160.468813   0.789557   0.018927
298467.730169   0.787753   0.011724
298879.896372   0.788454   0.029067
298949.310125   0.777688   0.012072
299523.171635   0.758711   0.023324
299821.055914   0.793534   0.028691
299925.643927   0.799443   0.004785
300450.606134   0.770181   0.025412
300636.134186   0.772384   0.019563
301190.407112   0.766711   0.009758
301281.683438   0.778094   0.022055
301525.982564   0.779521   0.020785
302021.622565   0.794830   0.016925
302271.259681   0.777841   0.002877
302649.198382   0.771430   0.026932
303186.361248   0.781655   0.006141
303291.884081   0.778347   0.024911
303788.354115   0.780120   0.002146
304157.515669   0.782264   0.025747
304106.355433   0.782979   0.019104
304583.077721   0.792335   0.015693
305313.606034   0.792685   0.016225
305429.605752   0.794471   0.015307
305573.491305   0.788305   0.018354
306102.604493   0.787047   0.018004
306404.732424   0.778097   0.034084
306648.919365   0.779461   0.021555
307250.900964   0.800624   0.006160
306939.940935   0.771007   0.034402
307809.907147   0.784935   0.027054
308284.088599   0.801495   0.023417
308452.913518   0.803285   0.004677
308338.141014   0.780187   0.009498
308774.735807   0.790000   0.025751
309209.217530   0.789527   0.036157
309182.067928   0.787781   0.022244
309906.510967   0.781931   0.016488
310440.503738   0.786853   0.010766
310910.240371   0.787819   0.021225
311372.460057   0.779718   0.018327
311230.121628   0.785886   0.018261
311829.621223   0.781863   0.012532
312076.027525   0.791827   0.029391
312640.763279   0.780008   0.025157
313066.370726   0.786929   0.019465
312793.854528   0.790352   0.014142
313442.854895   0.774926   0.008725
313646.251994   0.780520   0.026635
313830.060659   0.767914   0.012057
314576.420981   0.778899   0.013534
314738.873503   0.794044   0.007339
314811.695399   0.798035   0.004342
315480.498211   0.775683  -0.003445
315532.476333   0.785770   0.023614
316368.126035   0.766197   0.025534
316374.998136   0.781020   0.005958
317058.902818   0.776326   0.033102
317228.592134   0.799240   0.036985
317263.842947   0.792440   0.023239
317125.440434   0.782237   0.021193
318156.048141   0.772418   0.022329
318622.229280   0.774932   0.013960
318850.082469   0.775361   0.023875
318998.628472   0.778918   0.013411
319718.686523   0.788791   0.017092
319553.696424   0.795335   0.000826
319946.822732   0.774754   0.011478
320688.389973   0.776169  -0.000278
320656.760484   0.772225   0.023962
321152.967449   0.799396   0.008501
321089.579546   0.792297   0.034169
321523.625860   0.775433  -0.004137
322138.121259   0.786899   0.014284
322611.223929   0.781490   0.007619
322405.039284   0.785061   0.011337
322790.002824   0.785239   0.029374
323423.278845   0.774453   0.013523
323823.840149   0.778112   0.000193
323860.146328   0.769323   0.001503
324698.911775   0.788814   0.014221
324648.046715   0.776733   0.017284
325158.677571   0.771740   0.024793
325618.790043   0.772878   0.000072
325762.261776   0.786139   0.015210
325490.925236   0.796820   0.001919
326505.466764   0.785627   0.006844
326443.666656   0.799312   0.007842
327076.828242   0.798742   0.014335
327227.819794   0.761912   0.019000
327607.684776   0.762374   0.019214
327697.115430   0.798510   0.017218
328499.555097   0.766651   0.020563
329004.267518   0.801603   0.008353
329155.931897   0.788624   0.025029
329634.721511   0.785521  -0.003351
329449.712346   0.788124   0.024252
329799.757772   0.797469   0.017106
330529.747132   0.783718   0.011346
330478.473360   0.798121   0.017843
331144.563577   0.780484   0.013052
331752.907038   0.790712   0.027835
331940.952972   0.761285   0.024503
332305.002612   0.783910   0.023314
332432.068255   0.779077   0.032383
332626.881600   0.777251   0.033643
332996.662223   0.773371   0.020163
333322.686520   0.783907  -0.006031
333696.542383   0.781793   0.006027
333630.679121   0.774441   0.018617
334295.910123   0.773143   0.014172
335107.717116   0.799938   0.027449
335304.383786   0.784701   0.011693
335048.584132   0.776904   0.008724
335985.685543   0.773751   0.025342
335900.137762   0.785417   0.026279
336639.607176   0.790085   0.010836
336385.745850   0.793244  -0.000702
336801.654694   0.775113   0.012955
337690.239828   0.782684   0.021827
337780.516790   0.791963   0.023695
338369.900524   0.768229   0.029962
338416.439674   0.782890   0.017430
338727.444113   0.790336   0.013586
339050.701320   0.774798   0.025112
339468.991757   0.777661   0.010453
340022.932993   0.788835   0.014326
340130.103675   0.788688   0.013128
340482.847472   0.800219   0.021669
340281.179857   0.776279   0.022921
340991.061123   0.778509   0.012312
341066.384289   0.775701   0.026379
342122.723970   0.776921   0.012664
342128.461040   0.782630   0.028137
342182.495321   0.779210   0.003719
342631.188518   0.778520   0.007975
343137.888260   0.797635   0.020964
343397.860250   0.773682   0.022759
343729.218727   0.768075   0.021161
344182.236944   0.781696   0.017407
344330.306238   0.774491   0.006937
344836.597957   0.782024   0.008717
344827.720040   0.775303   0.007039
345562.932009   0.796094   0.027513
345457.294666   0.789006   0.023942
346235.152731   0.781694   0.016595
346558.709161   0.791847   0.005816
346797.921530   0.778650   0.013024
346797.770794   0.782295  -0.001085
347207.733106   0.788785   0.037269
347562.992151   0.799045   0.001860
347934.401076   0.794924   0.015207
348366.753901   0.785903   0.014510
348591.137696   0.785524   0.031615
349427.967336   0.793101   0.022011
349394.551796   0.794249   0.023685
349579.949792   0.778581   0.015935
350130.969090   0.791402   0.012889
350329.690207   0.773071   0.010095
350810.393582   0.784304   0.021929
351119.752201   0.804722   0.019475
351006.426007   0.781211   0.009931
351548.173948   0.787004   0.013854
352157.007013   0.787988   0.007668
352163.045745   0.788219   0.007903
352618.204164   0.798526   0.015007
352816.714630   0.784258   0.028798
353361.513832   0.779381   0.018558
353626.022159   0.790661   0.017209
353939.947457   0.768181   0.004851
354354.160316   0.762374   0.010747
354301.044111   0.781544  -0.006750
354803.207663   0.780712   0.015674
355572.844814   0.797406   0.009002
355365.740940   0.801742   0.005439
356170.076208   0.772113   0.019790
356696.084398   0.786261   0.023337
357134.640065   0.785840  -0.001688
356993.020680   0.783745   0.007761
357598.577644   0.786662   0.023102
357944.880450   0.783825   0.010912
358343.488603   0.786336   0.006846
358073.420907   0.792573   0.000355
358634.812360   0.787228   0.009806
359437.440733   0.781967   0.025771
359388.577347   0.782510   0.021360
359883.365449   0.766217   0.006887
360624.383660   0.782479   0.014244
360540.573494   0.788961   0.015769
360686.380219   0.790998   0.019238
360864.492391   0.788273   0.012779
361309.149345   0.768601   0.010150
361593.930181   0.771275   0.023552
362077.497321   0.781299   0.016687
362099.384378   0.779341   0.004816
363045.409274   0.763552   0.029782
362824.552204   0.777886   0.029972
363498.071781   0.784850   0.011301
364099.662423   0.797757   0.003148
364085.000838   0.778254   0.019607
364504.418362   0.777616   0.026818
364694.243923   0.777423   0.028886
365205.416681   0.782201   0.033503
365591.036430   0.778877   0.016346
365654.626002   0.784663   0.016445
366135.807705   0.791959   0.006008
366332.381762   0.782699  -0.003482
366423.304353   0.769909   0.000241
367023.094837   0.760362   0.005976
367430.049939   0.774275   0.015331
367680.733706   0.797097   0.002376
368350.892315   0.772281   0.022363
368604.813679   0.800811   0.029471
368310.080124   0.784438   0.022366
369125.740522   0.774288   0.007924
369584.303881   0.783903   0.006799
369788.950828   0.789981   0.012154
369888.379831   0.794756   0.027954
370372.846694   0.781062   0.023814
370616.143773   0.776080   0.001644
371251.749995   0.780530  -0.000503
371137.565119   0.785004   0.014249
371766.731398   0.778526   0.018905
371957.469566   0.789429   0.007283
372452.863691   0.760366   0.024335
372953.654884   0.772440   0.013813
373029.151455   0.797131  -0.008081
373538.586655   0.770865   0.013746
373878.635024   0.802269  -0.009386
373876.937110   0.783973   0.004451
374727.934969   0.777081   0.005010
375128.932106   0.772397  -0.000246
375220.932314   0.773837   0.014454
375556.768683   0.773753  -0.005422
375450.857308   0.789883   0.012878
376025.523830   0.790135   0.026973
376075.947923   0.788763   0.000206
376798.831282   0.788677   0.013071
377485.614162   0.779823   0.002040
377215.522707   0.787561   0.017176
377637.029758   0.790777  -0.009480
378201.442844   0.776641   0.010157
378214.325393   0.779167   0.016764
379037.723693   0.783283   0.025437
379258.759356   0.774139   0.015845
379398.059639   0.771893   0.016875
379917.579839   0.788902  -0.001860
380159.095854   0.783949   0.010844
380190.190488   0.786634   0.043094
381026.158983   0.797400   0.014959
381174.656378   0.779789   0.008622
381494.177917   0.773161  -0.005036
381771.396721   0.781473   0.007230
381822.151120   0.786730   0.019132
382309.626203   0.784319   0.009420
382901.763791   0.785269   0.016841
383306.295821   0.783939   0.010911
383193.656619   0.779758   0.027853
383702.163991   0.784890   0.012312
384741.825479   0.786896   0.010756
384408.158361   0.787787   0.018393
384772.422525   0.785837   0.008242
385247.995704   0.784384   0.000439
385569.154341   0.788327   0.003493
385978.123595   0.787070   0.034232
385829.940599   0.799911   0.014385
386489.962887   0.778378  -0.005587
387025.688496   0.777690   0.009498
386887.179011   0.785647   0.003939
387335.515538   0.794208   0.012536
387599.313399   0.777654   0.013711
388070.204883   0.775945  -0.003095
388746.834896   0.794868   0.012438
388721.986371   0.778279   0.012856
388883.549614   0.789703   0.014575
389553.882182   0.770925   0.007939
389771.223986   0.781993   0.018164
390607.745577   0.771160   0.016424
390205.487619   0.769123   0.010127
390800.469106   0.783078   0.008024
391164.044727   0.797841   0.034097
391613.845574   0.775222   0.009010
391921.493902   0.782923   0.026347
392331.302580   0.788749   0.020043
392451.129533   0.790604   0.014201
393252.248504   0.781510   0.017112
392917.253254   0.782995   0.004136
393343.928027   0.773678   0.008800
393698.361595   0.792018   0.010003
394096.174909   0.797820   0.006821
394230.595791   0.788494   0.020776
394903.778456   0.787336   0.025434
395469.106834   0.801393   0.039002
394944.907251   0.761340   0.020629
395683.661122   0.777396   0.005201
395863.187516   0.771729  -0.002973
396680.128446   0.766372   0.010061
396714.022874   0.764901   0.002825
397208.701617   0.782566  -0.002541
398130.744834   0.788834   0.012762
398004.581448   0.777418   0.027399
398362.617850   0.789554   0.006519
398702.616226   0.784407  -0.002573
399029.886565   0.790426   0.019370
399545.145142   0.793489   0.006743
399926.032703   0.779003   0.011792
400050.578949   0.767275   0.011165
400613.072566   0.787372   0.019887
400283.826013   0.776879   0.013386
400792.904965   0.784855  -0.011587
401161.345971   0.779819   0.003444
401506.113831   0.798319   0.013741
401923.636163   0.787835   0.018518
402288.956096   0.780427   0.009944
402752.090970   0.796548   0.006124
402650.782553   0.786421   0.017643
403748.604916   0.778821   0.019728
403489.581260   0.779494   0.017070
403896.339735   0.788531   0.009880
403892.000253   0.772825   0.021652
404600.459863   0.789702   0.012988
404851.887812   0.788395   0.007583
405017.619033   0.780727   0.038040
405702.055225   0.757002  -0.011074
405909.746002   0.786924   0.006946
406801.517052   0.791361   0.006427
406778.055390   0.788870   0.013516
407113.129158   0.790547   0.017947
407508.571340   0.773107   0.016845
407407.968143   0.800466   0.020919
408269.096001   0.782486   0.019118
408110.131179   0.776050   0.011537
408399.847815   0.774958  -0.001611
408938.244640   0.787618   0.008833
409466.221268   0.772054  -0.012152
409918.670510   0.768663   0.035281
409841.300636   0.777942  -0.005391
410215.485649   0.792736   0.015248
410265.336418   0.799411   0.003733
410947.115531   0.768487  -0.001441
411081.718725   0.774304   0.000671
411781.689117   0.784189   0.021461
412109.177821   0.776459   0.005604
412039.447661   0.779974   0.015008
412751.970399   0.790417   0.002303
412932.585671   0.764954   0.009665
413133.155235   0.782145   0.012164
413785.936617   0.783855   0.011184
413764.775316   0.788851   0.004655
414216.112071   0.794215   0.016340
414840.263294   0.794827   0.029691
415400.147833   0.797327   0.021071
415461.006550   0.779033   0.024141
415752.958618   0.783248   0.021862
415642.232784   0.778509   0.017842
416081.928943   0.776098  -0.013026
416601.140041   0.771970  -0.012698
417146.223937   0.797741   0.019660
417243.447894   0.763347   0.011562
417742.842602   0.789433   0.001943
417897.435397   0.786957   0.008066
418258.435009   0.773111   0.033777
418543.728065   0.774739   0.011405
419298.271888   0.785697   0.021033
419059.569805   0.790786   0.018851
419726.013564   0.776619  -0.011156
420219.826738   0.781260   0.007870
420503.960738   0.788661   0.020329
420706.188532   0.793846   0.001510
420907.659632   0.786960  -0.005386
421510.574567   0.770965   0.008369
421745.381377   0.788831   0.019936
422249.024915   0.785030   0.015179
422326.855536   0.771825   0.004335
422809.860363   0.787246   0.000998
423013.497684   0.784977   0.019451
423482.394952   0.770408   0.013235
423682.128821   0.786834   0.017659
423809.143107   0.782304   0.024057
424730.850329   0.761412   0.010666
424858.638904   0.785533   0.019380
425056.667700   0.792859   0.008702
425470.575669   0.784927   0.008365
425868.199294   0.794656   0.014409
426100.858118   0.799669   0.004799
426431.878229   0.779047   0.021418
426846.675307   0.803928   0.012054
427639.075117   0.781546   0.011630
427374.294938   0.776856   0.000779
427959.035173   0.787297   0.014835
428146.539602   0.776543   0.008475
428439.686183   0.784922   0.009425
428697.943581   0.769833   0.011742
429387.464506   0.789595   0.018373
429047.999259   0.785543  -0.009076
430303.448115   0.774202   0.009287
430242.300619   0.793572   0.012827
430493.390490   0.779583   0.015701
430766.089234   0.790029   0.018421
431135.227474   0.781507   0.010724
431361.910021   0.784692  -0.000532
431976.987491   0.796798   0.008831
432189.498121   0.769918   0.016554
432860.021820   0.781294   0.036736
432887.675641   0.785125   0.011532
432706.747178   0.779683   0.012790
433377.568094   0.793706   0.025086
434000.724480   0.777392   0.022721
434541.892863   0.791055   0.006923
434314.848320   0.783369   0.028104
434879.457122   0.790931   0.025591
435276.328532   0.772304   0.008927
435546.152818   0.775837   0.017233
435903.595950   0.783316   0.019378
436394.255436   0.789499   0.004369
436677.481015   0.810512  -0.008550
436945.636991   0.792396   0.010920
437346.408611   0.789291   0.001350
437730.908640   0.774319   0.029706
437851.959047   0.783859   0.003660
438027.188068   0.781777   0.014378
438622.671901   0.777641   0.016657
438702.407059   0.804222   0.013785
439029.550845   0.765064  -0.003852
439220.775689   0.780186   0.009621
439729.986080   0.784035   0.016584
440048.486409   0.774231   0.002000
440531.876439   0.795921   0.004677
440786.827716   0.781266   0.015180
441083.179769   0.798409   0.001359
441531.604569   0.787213   0.018274
441920.688726   0.782557   0.029291
442597.590432   0.803367   0.002988
442696.413504   0.789056   0.000272
442890.711116   0.781530   0.011899
443176.720355   0.779589   0.036105
443539.228799   0.788504   0.002177
444157.872383   0.783565   0.011146
444837.973641   0.767462   0.024969
444717.394769   0.783751   0.003931
444848.487488   0.796173   0.018847
445075.664535   0.778515   0.001397
445700.782870   0.799559  -0.002254
445866.926159   0.790786   0.029615
446593.051160   0.783540   0.027118
446422.927639   0.795914   0.001074
446842.083834   0.772645   0.016684
447272.416607   0.791479  -0.001674
447666.145007   0.781797   0.004964
447941.738927   0.803741   0.010606
448270.484819   0.788746   0.005539
448824.177453   0.780735  -0.003671
449041.644515   0.787560   0.000499
449436.127236   0.788943   0.004393
449662.836921   0.779320   0.007469
450024.555316   0.784138   0.012754
450309.579186   0.796071   0.018026
450528.542611   0.794341   0.009425
450989.776993   0.792341   0.023085
451416.445078   0.786689   0.020955
451625.099836   0.792197   0.035495
452225.932168   0.789828   0.010448
452302.398946   0.764050  -0.004860
452874.501837   0.788088  -0.006331
452754.235638   0.790283   0.016026
453549.232114   0.785437   0.005711
453605.717817   0.774098   0.007570
454178.290075   0.778921   0.022546
454291.785470   0.769402   0.020780
454698.563453   0.787828   0.017248
455119.331997   0.804310   0.016143
455182.828470   0.770865   0.003354
455905.677364   0.786051   0.018937
455963.014396   0.780594   0.001614
456409.899023   0.799214   0.004853
456489.348167   0.795225   0.018879
457102.442396   0.778714   0.009871
457433.876743   0.787335   0.028355
457455.435627   0.773417  -0.004725
457904.620292   0.782147  -0.012619
458349.428032   0.789910   0.003501
458778.793875   0.780905   0.014340
459190.576349   0.790930   0.019485
459696.310366   0.787441  -0.002595
459744.386032   0.792134   0.036430
460098.075723   0.803120   0.015366
460402.876126   0.778020   0.018188
460633.731352   0.807990   0.016061
461105.581602   0.785292   0.003278
461756.246110   0.774803   0.002563
461786.642235   0.785343   0.016607
462107.114217   0.770401   0.000752
462184.252622   0.792424   0.019755
462888.584047   0.799530   0.013389
463016.156804   0.783587   0.021031
463229.803117   0.779433   0.008545
463942.933590   0.792535  -0.011546
464055.131094   0.783114   0.014671
464581.524234   0.783514   0.010570
464959.211475   0.791606   0.005400
464883.517906   0.770880   0.010186
465157.594616   0.775636  -0.001264
465684.327084   0.794261   0.022411
466204.699961   0.785033   0.006638
466493.273690   0.793734   0.024021
466477.349600   0.794086   0.022986
467007.025770   0.792690   0.038061
467324.392828   0.789021  -0.000193
467468.421670   0.793121   0.020656
468316.734403   0.784010   0.010521
468334.226494   0.764616   0.007242
468554.086937   0.791090   0.016038
469291.972013   0.784882  -0.006084
469374.522116   0.790535   0.011879
469819.821828   0.775488   0.010341
470051.541829   0.790716   0.015339
470301.676295   0.784295   0.010904
470636.308515   0.795909   0.009116
470892.454163   0.803621   0.000423
471132.873707   0.786353   0.006355
471733.033084   0.784500   0.012251
471911.712474   0.778453   0.000185
472748.522905   0.759188  -0.007380
472602.053231   0.793938   0.013118
473035.606299   0.798198   0.017254
473448.391298   0.786892   0.019897
474007.036201   0.792366   0.007554
474376.701421   0.779297   0.011591
474659.881609   0.794080   0.003250
474333.516941   0.779761   0.018102
475316.392599   0.792997   0.015938
475020.631303   0.765243   0.020594
475698.266351   0.792784   0.009268
476182.364139   0.800871   0.009333
476352.699057   0.789519   0.014504
476899.695166   0.779954   0.011111
477009.619176   0.761447   0.016496
477533.225807   0.774913   0.023928
477650.134619   0.778899   0.004102
478068.350840   0.761395   0.015943
478715.203691   0.799115   0.027402
478990.995707   0.766286   0.003935
479125.819551   0.778890   0.012400
479634.353674   0.787166   0.010415
479695.891822   0.793763   0.009133
480059.359587   0.780362   0.002428
480441.373395   0.789090   0.006799
480971.481040   0.794913   0.008521
481045.179466   0.798297  -0.000033
481361.752994   0.775617   0.004509
481985.826193   0.786600   0.020611
482402.215739   0.792730   0.011231
482503.812261   0.799903   0.028778
482828.894200   0.765915   0.012226
482952.253461   0.784691   0.022609
483422.525015   0.795076   0.015053
483827.710355   0.784634   0.009947
484186.339088   0.788587   0.006508
484867.731040   0.790475  -0.018024
485206.731953   0.806895   0.003846
485074.442132   0.796275   0.002225
485772.767860   0.781480   0.011232
485721.542391   0.793053   0.023437
486473.125053   0.764841   0.006798
486475.735758   0.786881   0.010044
486892.234482   0.791368  -0.001097
487323.545559   0.788751   0.014242
487401.039900   0.787774   0.008540
487848.344713   0.795805   0.023240
487881.563919   0.786987   0.030004
488346.000298   0.789606   0.002260
488564.411126   0.786208  -0.003311
489599.990211   0.797433   0.025163
489602.866283   0.792447   0.011968
489792.285967   0.771345   0.011141
490143.179156   0.776655   0.009151
490420.499927   0.780018   0.009534
491023.361120   0.794752   0.007934
491042.230149   0.780333   0.024218
491025.146329   0.765409   0.025320
491537.802765   0.788162  -0.003471
492076.509631   0.781903   0.008598
492805.306031   0.797415  -0.006388
492564.744456   0.786288   0.026374
493126.036965   0.784219   0.008560
493830.754111   0.782076   0.016804
493530.599066   0.789497   0.010584
493959.992359   0.809423   0.023697
494446.654766   0.797221  -0.001077
494617.584687   0.771027   0.002761
495077.933760   0.780316   0.021969
495263.333614   0.808000   0.007440
496006.575908   0.776635   0.005799
495983.878386   0.773300   0.023125
496674.366437   0.789686   0.007659
496575.860655   0.788569   0.003621
496970.793120   0.787640   0.002119
497846.872297   0.784551   0.016790
497953.330393   0.792156   0.019351
498184.542988   0.796239   0.018334
498634.232508   0.799521   0.003297
498976.981736   0.794080   0.000291
499145.761829   0.794271   0.005067
499521.179009   0.780302   0.010892
499671.708165   0.761990   0.009866
499879.588373   0.798868   0.000162
500361.312716   0.767999   0.023500
501368.633588   0.776065   0.018282
501294.104626   0.789983  -0.005383
501583.572502   0.785112   0.005841
501774.937339   0.785187   0.013358
502374.623834   0.786898   0.024867
502478.457334   0.800834   0.032435
502687.166619   0.805605   0.004227
503226.579743   0.778913   0.012681
503444.567902   0.783984   0.023735
503571.284182   0.797092   0.008624
504137.930041   0.786672   0.004374
504847.707224   0.758862   0.006516
505102.297157   0.789171   0.003711
505011.481318   0.780121   0.014986
505502.527756   0.780804   0.020537
505355.464213   0.786777   0.023436
506162.135701   0.773311   0.019340
506717.681090   0.772900   0.020453
506838.975312   0.778969   0.010512
507388.327718   0.782919   0.004902
507844.201671   0.796038   0.021789
507946.952587   0.788056   0.015198
508434.057196   0.787781   0.003749
508705.628297   0.787225   0.021348
509003.699037   0.778331   0.023092
509484.460342   0.771152   0.017222
509262.740095   0.811755   0.015851
509463.702352   0.803603   0.005274
510079.624612   0.793098   0.013795
510518.696626   0.797628   0.023226
510965.053209   0.774786  -0.000744
511000.622973   0.787208  -0.006832
511239.209554   0.786758   0.009717
512071.897217   0.773389   0.009707
512416.764060   0.764452   0.026998
512883.353139   0.797530   0.014833
512917.671005   0.789614   0.011890
513606.512729   0.793567   0.021140
513660.422873   0.765534   0.013270
513973.572669   0.766164   0.012836
513741.922601   0.787827   0.011471
514540.157119   0.781637   0.014420
515168.642481   0.787645  -0.000985
515262.461535   0.775424   0.019117
515458.782564   0.794846   0.005238
515560.177331   0.796844   0.010485
516113.729560   0.776603   0.017565
516565.801503   0.786154   0.039162
517273.298645   0.766002   0.019266
517478.351292   0.796701  -0.006311
517610.387214   0.800031   0.003899
517899.051483   0.789503   0.005314
518048.632595   0.766264   0.002919
518497.101654   0.780495   0.007848
519113.844011   0.782312   0.006409
519331.423666   0.788681   0.022264
519401.851925   0.782039  -0.011916
519999.683126   0.790057  -0.000448
520440.531246   0.779457   0.006795
520410.953652   0.789211   0.011813
521094.791778   0.780735   0.019725
521146.346539   0.776158   0.012479
521624.845114   0.790771   0.015473
521913.671302   0.790216   0.012950
522061.611314   0.790461   0.009157
522540.947493   0.784176  -0.001912
522795.474905   0.785688   0.007153
523159.786517   0.797610   0.021369
523578.608575   0.785550   0.013020
523814.690761   0.778387   0.041972
524165.291288   0.772853   0.014201
524391.829842   0.792736   0.006986
524311.226470   0.795910  -0.008541
525314.862994   0.797965   0.010419
525434.683028   0.780748   0.011004
526334.220274   0.786168  -0.000158
526241.173625   0.780627   0.011187
526737.627284   0.773882   0.027560
526672.653102   0.791812   0.015557
527460.289444   0.786436   0.006144
527435.703189   0.779919   0.023699
528064.167971   0.775766   0.015848
528209.867962   0.765057   0.013254
528543.093827   0.786300   0.003746
528726.785030   0.806224   0.010433
529407.317939   0.781826   0.008349
529862.052315   0.775892   0.001042
529906.650656   0.787151   0.018120
529760.401005   0.808547   0.008378
530484.447340   0.796789  -0.001953
531057.406216   0.747994   0.025856
531313.857581   0.796965   0.015783
531508.712081   0.798092   0.006679
531901.865841   0.795053   0.008417
532114.664732   0.808980   0.013413
532683.289491   0.777263   0.007723
532756.497506   0.765622   0.029813
532959.785518   0.799297   0.015707
533880.563351   0.785495   0.016662
534120.644046   0.766012   0.007837
533763.453192   0.784771   0.020429
534820.547420   0.808958  -0.011507
534869.664923   0.762166   0.012285
535104.674946   0.780140   0.005857
535485.583065   0.778597   0.017387
535818.087544   0.805862   0.003611
536080.580395   0.780256   0.017540
536612.176660   0.781025   0.006312
536833.482944   0.791944   0.031521
537301.940901   0.786774   0.008966
537536.835120   0.795099   0.003845
537886.040703   0.788066   0.016855
538310.903489   0.777030   0.016767
538639.715512   0.800173   0.005869
538622.587516   0.787376   0.020958
539110.895952   0.797289   0.022927
539411.468589   0.779996  -0.005498
539701.580958   0.790788   0.008006
540226.580238   0.793089   0.021261
540471.211717   0.797292  -0.000921
541027.372756   0.774281   0.022776
541143.388601   0.792457   0.018565
541266.863043   0.807429  -0.010086
542090.740462   0.782944   0.005672
541974.750032   0.783178   0.002242
542369.984327   0.785205   0.023007
543060.446113   0.781952   0.016821
543129.471236   0.791125   0.009866
543335.587148   0.801187   0.005735
543773.194847   0.790905   0.008628
544238.798361   0.788286   0.005457
544650.846006   0.778345   0.022785
544877.194239   0.799307   0.015606
545037.566394   0.779652   0.007970
545282.849244   0.795164   0.002943
545770.844493   0.777722   0.001491
546039.108747   0.769875   0.011679
546351.019260   0.790281   0.012636
547229.729297   0.809447   0.025508
547463.994625   0.786227  -0.006620
547568.022588   0.786781   0.011505
547507.942265   0.785879  -0.002938
548298.842078   0.789781  -0.015806
548394.305859   0.793051   0.001702
548996.946055   0.788332   0.007318
549128.372375   0.778906  -0.012408
549539.504147   0.772244   0.027351
549891.961162   0.800064   0.003167
550206.224661   0.781502   0.025690
550539.661465   0.797739  -0.001732
550626.557679   0.785249  -0.000680
551299.727843   0.793352   0.018734
551300.991706   0.802307   0.009891
551959.804145   0.780491   0.006185
552195.247062   0.785837  -0.002014
552522.494901   0.768909   0.000033
552900.419423   0.798921   0.001250
553212.758460   0.786158   0.004869
553492.262058   0.769852   0.000465
553373.419327   0.775790   0.008330
554192.048671   0.773141   0.002249
554554.840308   0.802275   0.018014
555349.978306   0.784451  -0.008897
555211.161824   0.777099   0.008658
555755.456301   0.786026  -0.001673
556058.212477   0.795742   0.019298
556295.337097   0.773823   0.008761
556839.593997   0.775523   0.021865
557301.110331   0.783754   0.016988
557001.638542   0.782969  -0.002686
557560.236872   0.782692  -0.003725
557491.481992   0.780601   0.022874
558268.792574   0.781202   0.007677
558396.467281   0.784052   0.015177
558866.236644   0.779270   0.000639
559297.597267   0.779127   0.003430
559446.171265   0.782422   0.016306
559769.566136   0.777157   0.031435
560163.744054   0.773963   0.017136
560610.320007   0.771833   0.012291
560969.994388   0.795432   0.000951
561000.067720   0.785693   0.002792
561206.507462   0.796676   0.027034
561783.423611   0.774318   0.020549
562187.786051   0.805260   0.007575
562609.215914   0.790600   0.013870
562608.841206   0.782852  -0.001088
563307.532296   0.786748  -0.004005
563723.841262   0.781316   0.013789
563466.714114   0.790167   0.011234
564315.406798   0.797035   0.002029
564387.276123   0.780821   0.016408
564691.094400   0.784315   0.023071
565267.160509   0.803431   0.005122
565243.038795   0.779514   0.008313
565840.954371   0.787273   0.010241
566388.554478   0.804967   0.016604
566864.174728   0.796497   0.007981
566834.417398   0.795153   0.013150
567293.782592   0.789048   0.010713
567737.672864   0.787561   0.013612
567853.683955   0.799712   0.002166
568424.121270   0.777575   0.008159
568521.914299   0.795821   0.012799
568909.064874   0.778379  -0.007427
569454.312463   0.784180   0.011628
569470.624382   0.773358   0.023180
570133.036304   0.770531   0.009816
569822.076149   0.786538   0.005705
570456.217545   0.781822   0.021143
570769.144972   0.793196   0.009676
570954.949122   0.797648   0.008148
571641.607112   0.776000   0.003389
571880.955962   0.795007   0.019595
572151.265694   0.780712   0.006531
572192.006754   0.775765   0.002839
572878.345521   0.772708   0.002606
572861.817218   0.791749   0.003639
573424.586664   0.775203   0.010232
573715.026492   0.770288   0.006557
573930.105102   0.779274   0.001089
574354.465283   0.781912   0.006459
574995.543041   0.789601   0.007235
575344.733246   0.787682   0.027879
575393.608367   0.783426   0.025242
576306.647565   0.797609  -0.008593
576294.644501   0.801070  -0.001466
576702.700079   0.796614   0.019625
577085.788965   0.790831   0.015825
577101.939981   0.801074   0.028074
577575.873021   0.783953   0.012468
577959.855218   0.794058   0.010219
578352.663372   0.780552   0.010281
578345.608566   0.799395   0.017037
578929.565984   0.797462   0.005499
579095.228167   0.775204   0.016969
579684.391070   0.797546   0.006772
579792.745690   0.782425   0.008916
580125.940971   0.785952   0.002394
580580.917067   0.791589   0.017109
581105.458582   0.782212   0.018691
581652.365713   0.779212   0.019446
581700.411260   0.791930   0.004219
582144.031233   0.794718   0.005776
582259.307752   0.774290   0.015384
582408.744857   0.794009   0.008758
583053.420961   0.806126   0.010973
583312.883453   0.792425   0.010704
583267.148603   0.796570  -0.008214
583919.833758   0.782706   0.033690
584375.269184   0.794330  -0.003547
584712.558010   0.788497   0.011570
584867.195906   0.792121   0.018361
585287.081362   0.774458   0.012292
585828.123964   0.767236   0.000992
586046.341880   0.784735   0.000384
586272.900997   0.795764  -0.022919
586131.695954   0.793139   0.003942
586633.556741   0.801818  -0.000136
587154.669892   0.799127   0.006469
587727.963662   0.775635   0.011728
587625.117980   0.784535  -0.006052
588353.740392   0.803936   0.002093
588517.734399   0.792686   0.010760
588775.208068   0.789118   0.005094
589743.311000   0.784180  -0.002808
589900.824334   0.772199   0.013428
589858.379910   0.764751   0.007277
590209.059926   0.800765   0.009330
590443.203802   0.791402  -0.006828
590676.676018   0.764762   0.010526
591190.927386   0.774031   0.008992
591422.172850   0.788268   0.008498
591783.560176   0.787054   0.023553
592682.094481   0.775220  -0.001516
592471.928316   0.797601   0.010280
592692.645407   0.785137   0.013439
593005.164253   0.800329   0.025329
593550.867765   0.790847   0.014494
594000.848155   0.781455   0.013583
594126.240565   0.794631  -0.002477
594591.343570   0.791991   0.011807
595005.917938   0.792934   0.009740
595146.812810   0.780546  -0.001485
595786.473112   0.782088  -0.000947
595850.762528   0.808314   0.008145
596151.839006   0.759157   0.004157
596659.390848   0.777870   0.012889
596780.515356   0.780024   0.006749
597470.103757   0.784595  -0.002203
597350.887905   0.773888  -0.002676
598376.715728   0.793519   0.003425
598449.110338   0.786684   0.013272
598889.588432   0.778786   0.003742
598952.935848   0.784935   0.024601
599266.604235   0.796755   0.014350
600002.161148   0.783094   0.012642
600254.444552   0.796911   0.017993
600645.415763   0.793834   0.010555
600499.005316   0.786110   0.004155
600925.190072   0.782020   0.007920
601626.685300   0.767818   0.004765
601764.424279   0.794946  -0.004294
602119.767496   0.794684  -0.003085
602295.455247   0.800663   0.005689
602714.974286   0.775290   0.001068
603021.251185   0.779289   0.000830
603709.955583   0.785955   0.002487
603984.308140   0.801136   0.007411
604098.106966   0.795722   0.029359
604359.248806   0.781012   0.003605
604655.084705   0.789192   0.020126
605015.882112   0.788259   0.025404
605684.431800   0.783937   0.008803
605801.716346   0.783586   0.010109
606380.243303   0.781723   0.013833
606426.377852   0.798875  -0.007085
606675.814175   0.781107   0.011459
606933.961030   0.778301   0.007898
607411.612641   0.799970   0.021178
607990.657283   0.780823  -0.000418
608028.089092   0.791514   0.009263
608238.395585   0.792003   0.004192
608846.755366   0.787321   0.023490
608888.894857   0.781512   0.012842
609739.460033   0.810006   0.002840
609842.245894   0.782349   0.014790
610622.914933   0.787871   0.010193
610298.230180   0.801824   0.007546
610709.479333   0.802489  -0.001444
611470.539758   0.791467  -0.003015
611571.209847   0.788234   0.012455
611987.050930   0.786183  -0.001249
612072.216073   0.783486   0.021938
612458.728224   0.789429   0.011045
612660.878480   0.784947   0.024045
613008.624765   0.780771   0.007685
613423.367353   0.779731   0.009941
614194.170625   0.789656   0.003044
613994.219873   0.773028   0.010066
614521.521883   0.787769   0.006114
615140.398623   0.778888   0.006537
614894.448660   0.799824   0.003735
615432.609330   0.790258   0.003540
615714.572963   0.787968   0.013998
616222.497761   0.789725  -0.000978
616328.899142   0.824482   0.010371
616613.210234   0.788513   0.004197
617365.555033   0.787334   0.007043
617265.417124   0.795781  -0.006132
618046.407586   0.780570  -0.004355
617954.014873   0.789591   0.004900
618394.976775   0.796110  -0.005524
618907.388496   0.791619   0.019064
619438.727901   0.786384   0.007192
619345.968307   0.790251   0.012633
619854.712126   0.785975   0.015179
620234.358096   0.793929   0.010826
620864.127538   0.777454  -0.000179
621032.408983   0.776271   0.016171
620844.108375   0.776060   0.011064
621640.945607   0.786551   0.005186
621633.242520   0.786690  -0.007930
622393.179029   0.797581   0.008600
622529.332312   0.779330   0.017594
623059.013788   0.793762   0.011596
622940.538157   0.790639  -0.005885
623603.977332   0.792838   0.008090
623750.030705   0.789909   0.002020
623985.753880   0.782493   0.016294
624720.374426   0.790650  -0.006009
625274.916675   0.800957   0.033550
625223.567262   0.786187   0.012614
625773.369785   0.804762   0.012590
626046.931592   0.796358   0.001069
626130.346228   0.784455   0.002821
626551.445063   0.784359   0.012139
627096.385885   0.800321   0.000716
626798.535334   0.772741  -0.002868
628115.138826   0.793207   0.023981
628090.264273   0.785347   0.005227
628201.966566   0.798400   0.004283
628595.551181   0.773065   0.024556
628871.108568   0.795208  -0.009855
628959.325976   0.792102  -0.012302
629580.058277   0.781335   0.026613
629684.713675   0.799467   0.006889
630044.106683   0.807328   0.005447
630686.459488   0.785094   0.006532
630993.189671   0.798483  -0.015545
631346.225122   0.794142   0.016051
631607.191118   0.776797   0.005070
631890.516337   0.780203   0.001041
632431.408335   0.778619   0.011003
632386.403882   0.795864   0.021738
632745.384894   0.783376   0.006807
633477.799345   0.779270   0.007879
633381.292319   0.783296   0.010184
633834.559742   0.781258   0.010799
634070.802677   0.788638   0.006325
634664.999666   0.791388  -0.000228
634955.413802   0.790230   0.018020
635305.849537   0.772774   0.010047
635554.603239   0.797247   0.006828
636078.650214   0.798771  -0.007416
636191.363783   0.787349   0.000847
636791.017432   0.782071  -0.001841
637110.882707   0.790779   0.002533
637353.604130   0.787395   0.005658
637597.665585   0.806686   0.002490
637830.785003   0.787403   0.007564
638412.669814   0.788340   0.011591
638767.669976   0.810074   0.013526
638812.968940   0.773896  -0.002987
639162.401078   0.792529   0.010732
639702.087212   0.789023   0.009387
639767.296038   0.787921   0.016885
639956.420380   0.790173  -0.010816
640646.524027   0.784832   0.004530
640874.793086   0.789974   0.014195
641207.298740   0.810078   0.021602
641261.843310   0.784043   0.024137
641770.716095   0.787489   0.005672
642052.906320   0.763788   0.016328
642758.314480   0.790645   0.003894
643297.662863   0.793668   0.013242
643487.992271   0.784430   0.012795
643590.649370   0.784405  -0.021125
644130.232053   0.820649   0.004334
644179.354079   0.784071   0.000343
644574.472259   0.775000   0.012640
644870.033219   0.799144   0.012822
645529.656785   0.771992   0.007036
645887.922603   0.793777   0.006101
645904.655544   0.786805   0.007338
645950.793376   0.795139   0.028366
646531.291345   0.781871   0.042920
647021.877709   0.793569   0.018302
647194.063274   0.783158  -0.001734
647750.302386   0.787255   0.011287
648039.785350   0.785451   0.000040
648412.603540   0.791756   0.004809
648399.073419   0.791507   0.002880
649134.345197   0.798833   0.026687
649362.145040   0.813073   0.023630
649810.248383   0.791538   0.011300
650343.626044   0.777766   0.001891
650386.376805   0.789348   0.001533
650389.972130   0.775810  -0.012629
651164.911747   0.772330   0.013098
651476.005909   0.783827   0.019407
651504.689488   0.821860  -0.001666
651702.331349   0.793526  -0.000741
652264.874023   0.793297   0.014595
652297.652172   0.787106   0.020574
653008.931937   0.783318   0.001335
653380.550265   0.802502   0.006132
654005.756051   0.799124   0.021035
654289.057973   0.795303   0.009041
654019.871570   0.790865  -0.009433
654690.364367   0.784798   0.020673
655105.810679   0.778086   0.012469
655669.710761   0.791293   0.029913
655577.805679   0.793499   0.007250
656159.685406   0.785703   0.007276
656581.233958   0.792399   0.003715
656960.923028   0.785247   0.002122
657803.051489   0.788826   0.007339
657480.060438   0.791690   0.002706
657641.726855   0.801352   0.015509
657804.111123   0.788620  -0.006903
658419.773909   0.802749   0.014918
658883.320327   0.795057   0.013069
659089.303020   0.796818   0.013622
659556.910716   0.789617   0.012780
659837.149829   0.789372   0.016473
659948.360176   0.774692   0.001948
660453.642032   0.796815   0.005307
660904.845799   0.806136   0.017646
661059.299982   0.805270  -0.008119
661307.779646   0.801330  -0.002128
661944.500234   0.790500  -0.000961
661983.833049   0.787350   0.006396
662286.057025   0.788344   0.010284
662875.995106   0.786050   0.001798
663360.103511   0.785582  -0.001226
663402.457565   0.784054   0.003696
664017.144219   0.812635   0.016542
664144.897831   0.787100   0.003986
664296.315813   0.809701   0.035978
664731.898664   0.789952  -0.009801
665085.053768   0.798357   0.014356
665728.948141   0.796645   0.023450
665908.981217   0.798380   0.006321
666507.538377   0.796589  -0.001737
666489.669002   0.782340   0.003971
666691.654812   0.776343  -0.003290
667034.948834   0.808632   0.017795
667038.992099   0.786178  -0.023156
667545.607881   0.783241   0.012125
668207.658112   0.800703   0.009802
668494.608483   0.796294   0.009081
668618.920081   0.794612   0.006648
669520.963545   0.783387   0.003653
669210.189253   0.796005   0.017220
669900.461835   0.780361   0.012538
670587.985843   0.795861  -0.006182
670352.481140   0.803821  -0.005364
670644.937103   0.798146   0.015903
671063.969861   0.797516   0.000327
671685.738111   0.794209  -0.004042
671906.027082   0.787123   0.010316
672014.743704   0.793179   0.019254
672611.221398   0.778760   0.004331
672963.174625   0.788567   0.007830
673432.456773   0.788301   0.013087
673651.140795   0.783975   0.021421
673645.141861   0.778370   0.011430
674493.041882   0.788335   0.000988
674698.371355   0.790636   0.009603
674915.854432   0.800810  -0.002329
675232.668061   0.781340  -0.002362
675278.086778   0.787279   0.007918
675975.159434   0.777864  -0.008144
676303.692789   0.785858   0.010725
676439.233676   0.789475   0.001862
676812.982425   0.800787   0.010451
677340.201302   0.779929   0.012972
678055.736829   0.781377  -0.013747
678013.795269   0.800083   0.013249
678125.525533   0.770495   0.005689
678878.323825   0.789941  -0.002939
678982.437254   0.773460  -0.010710
679582.953449   0.799396   0.000742
679495.277406   0.780105   0.018298
679690.981602   0.785167   0.011193
680431.074566   0.803396   0.003401
681031.245758   0.810875   0.028656
681056.837639   0.789269   0.006754
681492.957842   0.785496   0.010686
681575.111054   0.796377   0.007471
681941.161630   0.792726   0.019103
681887.760442   0.771848   0.017155
682580.155328   0.794282  -0.013826
682821.610777   0.787698   0.006235
683174.031294   0.785831   0.000227
683918.907854   0.803670   0.030144
683943.971308   0.799843  -0.012795
684237.634979   0.778797   0.014026
684646.063731   0.795362   0.010610
684921.593680   0.789360   0.001688
685340.414109   0.796000   0.009403
685711.201515   0.805559   0.018090
686144.237121   0.801764   0.010330
686070.450908   0.787339   0.017485
686490.411681   0.794298   0.018887
686924.295125   0.786419   0.005457
687549.825808   0.797419  -0.010852
687617.198492   0.782583   0.000246
688448.971269   0.782716   0.009878
688228.688175   0.794324   0.011048
688324.064398   0.807502   0.003438
689183.176687   0.791502  -0.001934
689211.967689   0.789342   0.016791
689616.301777   0.800653  -0.004775
689806.677984   0.787403   0.004537
690377.560610   0.793792  -0.013939
690789.660643   0.795996   0.012507
691104.463717   0.787844   0.000337
691070.949273   0.787893   0.003363
691846.445583   0.778015   0.007921
692210.305732   0.778631   0.004698
692540.994520   0.793672   0.013458
692812.896924   0.792739  -0.000745
693041.216344   0.791648   0.001151
693397.444731   0.768979   0.016540
693674.617238   0.786389   0.014427
693977.423446   0.787143   0.001981
694548.239964   0.791527   0.007141
694587.451369   0.787610  -0.006059
695325.484088   0.791061  -0.003186
695374.797140   0.795695   0.013075
695656.478028   0.812204  -0.008578
696039.574491   0.792575   0.011468
696159.632143   0.792571   0.012862
696831.428480   0.799095   0.008347
696950.800466   0.784500  -0.005432
697428.015980   0.782994  -0.001335
697592.179445   0.787026   0.005795
697879.374197   0.789881  -0.003753
698441.432676   0.789597   0.004866
698771.345837   0.801798   0.010708
698995.122316   0.790766   0.012734
699788.632344   0.787896   0.010392
700031.996817   0.806449   0.013689
700114.377573   0.784762   0.019597
700199.472441   0.791193   0.017599
700781.476886   0.800932   0.020504
701265.151763   0.791283   0.011404
701521.565556   0.812930  -0.006710
701632.543539   0.793633   0.014403
702407.552209   0.794872   0.014753
702483.102486   0.796956  -0.014223
702610.732260   0.803552   0.015800
703395.782879   0.787135  -0.007508
703012.781017   0.794398   0.007942
704339.509685   0.789470   0.025170
704243.071869   0.790833  -0.003197
704794.689572   0.798101   0.002005
704823.053839   0.800414   0.017080
705447.488088   0.782122   0.010252
705352.388626   0.779291  -0.002290
706119.457425   0.802822   0.003640
706408.660879   0.777669  -0.007835
706511.353155   0.792941   0.001302
706822.358466   0.801811  -0.003521
707192.097139   0.791818   0.000913
707788.991126   0.801887   0.015105
708024.986037   0.784590   0.000466
708206.552997   0.787047   0.014375
708678.212675   0.787078  -0.000104
709071.861574   0.783561   0.004854
709122.358133   0.799464   0.012411
709605.974118   0.802672   0.013158
709816.469908   0.796210   0.012882
709914.274570   0.789723   0.020369
710329.707343   0.801035   0.007271
710958.807989   0.790790   0.005770
711329.120933   0.794902   0.009134
711739.787231   0.785106   0.012436
711863.131152   0.797797  -0.008806
712434.200791   0.796677  -0.000895
712555.490518   0.797300   0.021134
712496.742410   0.788500  -0.005162
713264.786298   0.803524   0.013862
713562.085419   0.801546   0.012945
713412.855758   0.779387   0.017179
714509.903177   0.813642   0.005041
714762.500495   0.794449   0.021303
715434.153265   0.781976  -0.002284
714994.641067   0.798943  -0.001899
715564.352660   0.807817   0.016819
715943.868257   0.802353   0.002585
716025.342302   0.798476   0.017531
716609.040018   0.799565   0.010417
717097.376645   0.788125  -0.011211
717466.952383   0.782997  -0.000414
717717.496778   0.792832   0.006637
718057.702309   0.790608  -0.007013
718399.871970   0.805225  -0.016103
718522.062572   0.787716   0.021920
718835.022105   0.817384   0.014260
719702.979161   0.788904  -0.007171
719895.946590   0.768129   0.014317
720308.621569   0.795401   0.017737
720475.172666   0.784639  -0.000980
720542.484933   0.803252   0.005569
721201.419831   0.786206   0.010970
721025.214240   0.784900   0.002406
721672.439002   0.788525   0.001415
721829.819245   0.795951  -0.006424
722581.841510   0.780209   0.014129
722756.846735   0.782240   0.006372
723029.273964   0.797537   0.011566
723567.256693   0.780827   0.011949
724271.187418   0.795229   0.017680
723682.458659   0.793816  -0.000866
724454.871481   0.799028   0.003274
724769.470947   0.795651   0.002116
725392.568058   0.775609   0.003157
725378.608010   0.781180  -0.013658
725695.283498   0.790046  -0.002435
726387.755140   0.796654   0.020090
726506.432266   0.785741   0.008475
727074.375941   0.793530   0.020719
727102.621775   0.797742   0.013124
727409.801986   0.803928   0.006563
727581.341793   0.805911   0.011768
727894.077924   0.794233  -0.003077
728380.505835   0.769219   0.003868
728634.012298   0.779545  -0.000607
729159.868371   0.801165  -0.000518
729378.002319   0.807818   0.009242
730120.079971   0.787309   0.014431
730481.470424   0.803652   0.008122
730616.343331   0.786664  -0.006914
730834.563280   0.788618   0.018243
730994.092612   0.769692   0.004642
731472.008452   0.810502   0.015104
731817.509666   0.790423   0.015996
732292.719293   0.791995  -0.004029
732801.331923   0.796257   0.008067
732736.442991   0.797488   0.012760
733542.256101   0.780508   0.000112
733516.403144   0.805565   0.017156
734214.686882   0.789532   0.002041
734308.663553   0.780312   0.014722
734561.393332   0.794043   0.015650
735435.284365   0.798223   0.005484
735539.161673   0.788843   0.016590
735456.459834   0.788607   0.015539
735906.529580   0.788911  -0.009970
736665.708756   0.783172   0.011304
736405.309659   0.802782  -0.002837
736941.493839   0.780075   0.000472
737364.904387   0.770259   0.025499
737804.774253   0.796946   0.011173
738035.865177   0.804098   0.020158
